Wave function, E=   4.000 entrance channel= 1
 Internal wave functions
   0.009 -2.6871E-10  3.0738E-10   -1.7037E-04 -2.6466E-05   -2.4566E-05  1.3656E-05   -7.2235E-06  4.3156E-06    3.0885E-05  2.1337E-04    1.5018E-05  1.1703E-05    3.3966E-06  5.1432E-06    7.7401E-06  2.6300E-06
   0.050 -6.1578E-08  2.0763E-07   -1.4229E-03 -4.3153E-04   -1.9066E-04  1.0561E-04   -5.5033E-05  3.2821E-05    8.1225E-05  1.8101E-03    1.1614E-04  9.0781E-05    2.5827E-05  3.9171E-05    5.8353E-05  1.9869E-05
   0.121 -2.1866E-06  7.2420E-06   -4.6523E-03 -2.1616E-03   -6.3072E-04  3.4674E-04   -1.7977E-04  1.0685E-04   -3.5694E-04  6.0253E-03    3.7899E-04  2.9803E-04    8.4064E-05  1.2790E-04    1.9124E-04  6.5174E-05
   0.221 -2.3540E-05  7.9442E-05   -9.9981E-03 -6.3121E-03   -1.4519E-03  7.9511E-04   -3.9487E-04  2.2952E-04   -2.1236E-03  1.3212E-02    8.4088E-04  6.6231E-04    1.8091E-04  2.8079E-04    4.0642E-04  1.3968E-04
   0.349 -1.3114E-04  4.6192E-04   -1.6321E-02 -1.2955E-02   -2.8344E-03  1.6101E-03   -7.9649E-04  4.2094E-04   -5.5703E-03  2.2054E-02    1.5458E-03  1.1717E-03    3.3926E-04  5.7065E-04    7.9136E-04  2.7614E-04
   0.500 -4.5711E-04  1.7536E-03   -2.0238E-02 -1.9628E-02   -4.3646E-03  2.8309E-03   -1.4668E-03  5.2011E-04   -9.6730E-03  2.8106E-02    2.1694E-03  1.3867E-03    4.8239E-04  1.0930E-03    1.3243E-03  4.8027E-04
   0.673 -1.0643E-03  4.7895E-03   -1.7496E-02 -2.1346E-02   -4.7073E-03  4.2926E-03   -2.7186E-03 -5.4566E-05   -1.1742E-02  2.5349E-02    1.9139E-03  3.3776E-04    3.5577E-04  2.2330E-03    2.2372E-03  8.7708E-04
   0.861 -1.5972E-03  9.8432E-03   -5.3988E-03 -1.3815E-02   -1.1297E-03  4.9549E-03   -4.8048E-03 -3.0153E-03   -9.3635E-03  9.5190E-03   -7.9961E-04 -3.3482E-03   -8.6867E-04  4.6026E-03    3.6188E-03  1.6473E-03
   1.062 -1.0757E-03  1.5414E-02    1.3351E-02  1.3254E-03    8.2845E-03  2.9966E-03   -8.1206E-03 -1.0962E-02   -3.3510E-03 -1.6247E-02   -7.3201E-03 -9.8660E-03   -4.4227E-03  9.1742E-03    6.0441E-03  3.3431E-03
   1.270  1.4791E-03  1.7999E-02    3.0780E-02  1.5021E-02    2.2027E-02 -3.5712E-03   -1.2711E-02 -2.5758E-02    1.2642E-03 -4.0950E-02   -1.7546E-02 -1.6920E-02   -1.1222E-02  1.6447E-02    9.8325E-03  6.6127E-03
   1.480  5.6501E-03  1.4139E-02    3.7340E-02  1.6988E-02    3.3405E-02 -1.4559E-02   -1.8528E-02 -4.5077E-02   -7.5161E-04 -5.0903E-02   -2.8383E-02 -1.9841E-02   -2.0123E-02  2.5780E-02    1.5474E-02  1.1940E-02
   1.688  9.0041E-03  3.6738E-03    2.9038E-02  5.1472E-03    3.4793E-02 -2.6403E-02   -2.4632E-02 -6.1383E-02   -9.4269E-03 -4.0068E-02   -3.4879E-02 -1.5073E-02   -2.7525E-02  3.4510E-02    2.2182E-02  1.8443E-02
   1.889  8.6275E-03 -9.1208E-03    1.0118E-02 -1.2010E-02    2.3425E-02 -3.3211E-02   -2.9195E-02 -6.5399E-02   -1.8588E-02 -1.4240E-02   -3.2886E-02 -3.4081E-03   -2.9012E-02  3.8962E-02    2.8349E-02  2.3782E-02
   2.077  3.6617E-03 -1.8230E-02   -9.3293E-03 -2.2817E-02    4.7115E-03 -3.1042E-02   -2.9403E-02 -5.2995E-02   -2.1297E-02  1.2578E-02   -2.2419E-02  9.7047E-03   -2.2794E-02  3.6065E-02    3.0966E-02  2.4872E-02
   2.250 -3.8765E-03 -2.0050E-02   -2.0645E-02 -2.1691E-02   -1.2267E-02 -2.0596E-02   -2.3463E-02 -2.8218E-02   -1.5452E-02  2.8450E-02   -7.4966E-03  1.8237E-02   -1.1035E-02  2.5547E-02    2.7826E-02  2.0176E-02
   2.401 -1.0790E-02 -1.5187E-02   -2.0659E-02 -1.1296E-02   -2.0643E-02 -6.7111E-03   -1.1661E-02 -4.3847E-04   -4.5235E-03  2.9134E-02    6.2673E-03  1.9251E-02    1.5802E-03  9.8416E-03    1.7944E-02  1.0516E-02
   2.529 -1.4975E-02 -6.9617E-03   -1.2080E-02  1.9143E-03   -1.9512E-02  5.4556E-03    3.2639E-03  2.2070E-02    6.3419E-03  1.8317E-02    1.5211E-02  1.4015E-02    1.1136E-02 -7.1107E-03    2.9618E-03 -1.2904E-03
   2.629 -1.6274E-02  1.1988E-03    3.6078E-04  1.2915E-02   -1.1958E-02  1.2972E-02    1.8109E-02  3.5702E-02    1.3817E-02  2.3428E-03    1.8552E-02  5.7908E-03    1.6117E-02 -2.2115E-02   -1.4469E-02 -1.2474E-02
   2.700 -1.5836E-02  7.2728E-03    1.2220E-02  1.9912E-02   -2.5565E-03  1.5930E-02    3.0216E-02  4.1556E-02    1.7456E-02 -1.2923E-02    1.7980E-02 -2.1453E-03    1.7409E-02 -3.3329E-02   -3.0769E-02 -2.1166E-02
   2.741 -1.5049E-02  1.0630E-02    2.0705E-02  2.3349E-02    5.0173E-03  1.6000E-02    3.8133E-02  4.2761E-02    1.8463E-02 -2.3814E-02    1.5911E-02 -7.6751E-03    1.6855E-02 -4.0178E-02   -4.2781E-02 -2.6646E-02
   2.759 -1.4541E-02  1.2168E-02    2.5362E-02  2.4374E-02    9.6959E-03  1.4837E-02    4.1578E-02  4.1301E-02    1.7564E-02 -2.9036E-02    1.3279E-02 -1.0403E-02    1.5136E-02 -4.1706E-02   -4.7694E-02 -2.8169E-02
   2.800 -1.3171E-02  1.5292E-02    3.4240E-02  2.5023E-02    1.9514E-02  1.1123E-02    4.6456E-02  3.4944E-02    1.3278E-02 -3.7333E-02    5.6543E-03 -1.5258E-02    9.2371E-03 -4.0067E-02   -5.3007E-02 -2.7927E-02
   2.871 -9.7886E-03  2.0168E-02    4.8179E-02  2.4294E-02    3.5875E-02  3.7003E-03    5.3327E-02  2.1637E-02    4.6309E-03 -5.0104E-02   -8.2160E-03 -2.3095E-02   -1.9327E-03 -3.5708E-02   -6.1324E-02 -2.6131E-02
   2.971 -3.1567E-03  2.4948E-02    6.2198E-02  1.8966E-02    5.4634E-02 -8.1424E-03    5.8079E-02 -4.4865E-04   -9.0950E-03 -6.2308E-02   -2.7276E-02 -3.1357E-02   -1.8139E-02 -2.6467E-02   -6.9949E-02 -2.0492E-02
   3.099  7.4242E-03  2.6213E-02    6.7387E-02  5.6408E-03    6.7063E-02 -2.3870E-02    5.3921E-02 -3.0474E-02   -2.6735E-02 -6.5303E-02   -4.7487E-02 -3.5017E-02   -3.6547E-02 -1.0226E-02   -7.4085E-02 -8.3761E-03
   3.250  2.0476E-02  1.9569E-02    5.3146E-02 -1.5833E-02    6.1159E-02 -3.9756E-02    3.3271E-02 -6.1345E-02   -4.3142E-02 -4.9430E-02   -6.0772E-02 -2.7745E-02   -5.0211E-02  1.3125E-02   -6.7086E-02  1.1276E-02
   3.423  3.0693E-02  2.1555E-03    1.4445E-02 -3.7982E-02    2.8734E-02 -4.7530E-02   -6.4308E-03 -7.8239E-02   -4.8855E-02 -1.1272E-02   -5.6972E-02 -6.4316E-03   -4.9276E-02  3.8989E-02   -4.2924E-02  3.4886E-02
   3.611  2.9224E-02 -2.3442E-02   -3.8897E-02 -4.5555E-02   -2.3785E-02 -3.6648E-02   -5.4898E-02 -6.4048E-02   -3.4675E-02  3.8116E-02   -3.0288E-02  2.2830E-02   -2.7027E-02  5.6903E-02   -1.4793E-03  5.2393E-02
   3.812  7.9264E-03 -4.6533E-02   -8.0414E-02 -2.4965E-02   -7.0990E-02 -2.3387E-03   -8.7133E-02 -1.3021E-02   -8.2209E-04  7.3754E-02    1.2745E-02  4.4136E-02    1.1583E-02  5.4507E-02    4.6202E-02  5.0906E-02
   4.020 -3.2732E-02 -5.0450E-02   -8.1061E-02  2.0631E-02   -8.1386E-02  4.4891E-02   -7.6307E-02  5.6644E-02    3.7557E-02  7.2487E-02    5.2216E-02  4.2113E-02    4.7780E-02  2.7136E-02    7.9532E-02  2.5007E-02
   4.230 -7.7143E-02 -2.1138E-02   -3.2657E-02  6.6591E-02   -4.2602E-02  7.9796E-02   -1.6929E-02  1.0757E-01    5.8751E-02  3.3318E-02    6.6868E-02  1.6471E-02    6.0547E-02 -1.4636E-02    8.1125E-02 -1.4654E-02
   4.438 -9.8114E-02  4.1002E-02    4.1631E-02  8.3443E-02    2.5182E-02  7.9072E-02    6.4260E-02  1.0900E-01    5.2439E-02 -2.0223E-02    5.1008E-02 -1.6080E-02    4.4019E-02 -5.0251E-02    5.1679E-02 -4.6866E-02
   4.639 -7.3654E-02  1.1614E-01    1.0425E-01  6.1063E-02    8.5050E-02  4.0515E-02    1.2681E-01  6.1075E-02    2.7401E-02 -6.0763E-02    1.7971E-02 -3.7082E-02    1.1393E-02 -6.5021E-02    9.7874E-03 -5.7160E-02
   4.827 -3.6023E-03  1.7592E-01    1.3155E-01  1.3950E-02    1.1254E-01 -1.6724E-02    1.4750E-01 -8.9409E-03    4.1773E-04 -7.7253E-02   -1.3650E-02 -4.0764E-02   -1.8983E-02 -5.9503E-02   -2.4480E-02 -4.7507E-02
   5.000  9.1777E-02  2.0197E-01    1.2466E-01 -3.5375E-02    1.0763E-01 -6.9861E-02    1.3094E-01 -7.1687E-02   -1.8016E-02 -7.5147E-02   -3.3833E-02 -3.2979E-02   -3.7562E-02 -4.3817E-02   -4.2941E-02 -2.9307E-02
   5.151  1.8785E-01  1.9414E-01    9.8669E-02 -7.2837E-02    8.4402E-02 -1.0694E-01    9.5903E-02 -1.1332E-01   -2.6718E-02 -6.4792E-02   -4.2586E-02 -2.1832E-02   -4.4819E-02 -2.7374E-02   -4.8311E-02 -1.2150E-02
   5.279  2.6839E-01  1.6445E-01    6.8386E-02 -9.5702E-02    5.6933E-02 -1.2756E-01    5.9044E-02 -1.3469E-01   -2.9005E-02 -5.3493E-02   -4.4206E-02 -1.2127E-02   -4.5293E-02 -1.4609E-02   -4.6703E-02  1.4477E-04
   5.379  3.2757E-01  1.2760E-01    4.2464E-02 -1.0736E-01    3.3410E-02 -1.3668E-01    2.9129E-02 -1.4271E-01   -2.8360E-02 -4.4434E-02   -4.2752E-02 -5.3017E-03   -4.3074E-02 -6.1791E-03   -4.2869E-02  7.6523E-03
   5.450  3.6591E-01  9.5366E-02    2.4217E-02 -1.1233E-01    1.6905E-02 -1.3961E-01    8.8014E-03 -1.4418E-01   -2.6990E-02 -3.8365E-02   -4.0718E-02 -1.1523E-03   -4.0585E-02 -1.2525E-03   -3.9351E-02  1.1715E-02
   5.491  3.8600E-01  7.5246E-02    1.4214E-02 -1.1403E-01    7.8869E-03 -1.4011E-01   -2.0931E-03 -1.4367E-01   -2.5981E-02 -3.5139E-02   -3.9313E-02  9.0882E-04   -3.8958E-02  1.1366E-03   -3.7200E-02  1.3562E-02
   5.509  3.9506E-01  6.5322E-02    9.5997E-03 -1.1457E-01    3.7362E-03 -1.4008E-01   -7.0579E-03 -1.4313E-01   -2.5460E-02 -3.3675E-02   -3.8601E-02  1.8093E-03   -3.8149E-02  2.1674E-03   -3.6160E-02  1.4326E-02
   5.550  4.1341E-01  4.3411E-02    6.4491E-05 -1.1520E-01   -4.8196E-03 -1.3950E-01   -1.7191E-02 -1.4139E-01   -2.4276E-02 -3.0693E-02   -3.7008E-02  3.5696E-03   -3.6368E-02  4.1576E-03   -3.3924E-02  1.5735E-02
   5.621  4.4294E-01  1.9931E-03   -1.5858E-02 -1.1476E-01   -1.9030E-02 -1.3690E-01   -3.3707E-02 -1.3658E-01   -2.1997E-02 -2.5846E-02   -3.3991E-02  6.2005E-03   -3.3073E-02  7.0617E-03   -2.9942E-02  1.7569E-02
   5.721  4.7797E-01 -6.0961E-02   -3.5820E-02 -1.1128E-01   -3.6661E-02 -1.3047E-01   -5.3576E-02 -1.2685E-01   -1.8620E-02 -1.9983E-02   -2.9569E-02  8.9171E-03   -2.8372E-02  9.9376E-03   -2.4532E-02  1.8916E-02
   5.849  5.1144E-01 -1.4594E-01   -5.6458E-02 -1.0338E-01   -5.4553E-02 -1.1911E-01   -7.2795E-02 -1.1142E-01   -1.4474E-02 -1.4120E-02   -2.4140E-02  1.0923E-02   -2.2748E-02  1.1897E-02   -1.8409E-02  1.9026E-02
   6.000  5.3670E-01 -2.5086E-01   -7.4225E-02 -9.1045E-02   -6.9444E-02 -1.0323E-01   -8.7530E-02 -9.1296E-02   -1.0184E-02 -9.1164E-03   -1.8433E-02  1.1730E-02   -1.6984E-02  1.2468E-02   -1.2517E-02  1.7664E-02
   6.173  5.4931E-01 -3.7129E-01   -8.6546E-02 -7.5739E-02   -7.9064E-02 -8.4669E-02   -9.5438E-02 -6.9085E-02   -6.3961E-03 -5.4037E-03   -1.3213E-02  1.1317E-02   -1.1845E-02  1.1726E-02   -7.6440E-03  1.5167E-02
   6.361  5.4793E-01 -5.0172E-01   -9.2534E-02 -5.9648E-02   -8.2780E-02 -6.5886E-02   -9.6275E-02 -4.7806E-02   -3.5054E-03 -2.9673E-03   -8.9837E-03  1.0034E-02   -7.7932E-03  1.0127E-02   -4.1425E-03  1.2171E-02
   6.562  5.3383E-01 -6.3698E-01   -9.2873E-02 -4.4758E-02   -8.1423E-02 -4.8956E-02   -9.1488E-02 -2.9733E-02   -1.5763E-03 -1.5260E-03   -5.8809E-03  8.3523E-03   -4.9078E-03  8.2086E-03   -1.9318E-03  9.2662E-03
   6.770  5.0977E-01 -7.7283E-01   -8.9128E-02 -3.2281E-02   -7.6583E-02 -3.5037E-02   -8.3250E-02 -1.5879E-02   -4.4186E-04 -7.4169E-04   -3.7713E-03  6.6568E-03   -3.0102E-03  6.3720E-03   -6.9520E-04  6.8071E-03
   6.980  4.7882E-01 -9.0591E-01   -8.3015E-02 -2.2594E-02   -6.9910E-02 -2.4387E-02   -7.3595E-02 -6.1558E-03    1.4251E-04 -3.4136E-04   -2.4109E-03  5.1687E-03   -1.8312E-03  4.8227E-03   -8.3327E-05  4.9046E-03
   7.188  4.4379E-01 -1.0334E+00   -7.5949E-02 -1.5493E-02   -6.2704E-02 -1.6670E-02   -6.3995E-02  1.4814E-04    3.9548E-04 -1.4654E-04   -1.5611E-03  3.9680E-03   -1.1242E-03  3.6140E-03    1.7701E-04  3.5176E-03
   7.389  4.0699E-01 -1.1527E+00   -6.8901E-02 -1.0504E-02   -5.5809E-02 -1.1298E-02   -5.5303E-02  3.9328E-03    4.7174E-04 -5.5113E-05   -1.0374E-03  3.0494E-03   -7.0723E-04  2.7161E-03    2.6121E-04  2.5431E-03
   7.577  3.7034E-01 -1.2613E+00   -6.2443E-02 -7.1025E-03   -4.9680E-02 -7.6613E-03   -4.7897E-02  6.0193E-03    4.6542E-04 -1.3554E-05   -7.1469E-04  2.3699E-03   -4.6178E-04  2.0689E-03    2.6750E-04  1.8728E-03
   7.750  3.3545E-01 -1.3573E+00   -5.6856E-02 -4.8319E-03   -4.4505E-02 -5.2481E-03   -4.1854E-02  7.0450E-03    4.2767E-04  4.6414E-06   -5.1409E-04  1.8783E-03   -3.1599E-04  1.6112E-03    2.4520E-04  1.4170E-03
   7.901  3.0373E-01 -1.4389E+00   -5.2240E-02 -3.3395E-03   -4.0313E-02 -3.6689E-03   -3.7097E-02  7.4571E-03    3.8355E-04  1.2155E-05   -3.8792E-04  1.5287E-03   -2.2816E-04  1.2919E-03    2.1672E-04  1.1093E-03
   8.029  2.7638E-01 -1.5052E+00   -4.8596E-02 -2.3732E-03   -3.7058E-02 -2.6499E-03   -3.3487E-02  7.5478E-03    3.4404E-04  1.4931E-05   -3.0801E-04  1.2848E-03   -1.7463E-04  1.0727E-03    1.9109E-04  9.0355E-04
   8.129  2.5445E-01 -1.5558E+00   -4.5882E-02 -1.7628E-03   -3.4664E-02 -2.0076E-03   -3.0882E-02  7.4971E-03    3.1319E-04  1.5722E-05   -2.5782E-04  1.1202E-03   -1.4207E-04  9.2653E-04    1.7127E-04  7.6915E-04
   8.200  2.3873E-01 -1.5906E+00   -4.4045E-02 -1.3987E-03   -3.3059E-02 -1.6251E-03   -2.9159E-02  7.4109E-03    2.9199E-04  1.5789E-05   -2.2779E-04  1.0165E-03   -1.2307E-04  8.3537E-04    1.5781E-04  6.8656E-04
   8.241  2.2980E-01 -1.6098E+00   -4.3040E-02 -1.2154E-03   -3.2187E-02 -1.4327E-03   -2.8230E-02  7.3472E-03    2.8037E-04  1.5695E-05   -2.1258E-04  9.6236E-04   -1.1360E-04  7.8803E-04    1.5049E-04  6.4407E-04
   8.259  2.2558E-01 -1.6188E+00   -4.2574E-02 -1.1341E-03   -3.1783E-02 -1.3474E-03   -2.7802E-02  7.3138E-03    2.7498E-04  1.5624E-05   -2.0581E-04  9.3785E-04   -1.0942E-04  7.6666E-04    1.4712E-04  6.2499E-04
   8.300  2.1658E-01 -1.6376E+00   -4.1601E-02 -9.7175E-04   -3.0943E-02 -1.1771E-03   -2.6916E-02  7.2366E-03    2.6374E-04  1.5423E-05   -1.9222E-04  8.8789E-04   -1.0109E-04  7.2325E-04    1.4012E-04  5.8640E-04
   8.371  2.0051E-01 -1.6702E+00   -3.9927E-02 -7.1521E-04   -2.9506E-02 -9.0811E-04   -2.5413E-02  7.0806E-03    2.4453E-04  1.4934E-05   -1.7047E-04  8.0569E-04   -8.7978E-05  6.5223E-04    1.2827E-04  5.2382E-04
   8.471  1.7756E-01 -1.7146E+00   -3.7671E-02 -4.1332E-04   -2.7588E-02 -5.9171E-04   -2.3433E-02  6.8275E-03    2.1906E-04  1.4042E-05   -1.4424E-04  7.0235E-04   -7.2535E-05  5.6369E-04    1.1281E-04  4.4684E-04
   8.599  1.4808E-01 -1.7678E+00   -3.4989E-02 -1.1567E-04   -2.5334E-02 -2.7974E-04   -2.1145E-02  6.4679E-03    1.8969E-04  1.2731E-05   -1.1715E-04  5.9011E-04   -5.7087E-05  4.6859E-04    9.5373E-05  3.6555E-04
   8.750  1.1260E-01 -1.8261E+00   -3.2049E-02  1.3962E-04   -2.2898E-02 -1.1709E-05   -1.8722E-02  6.0095E-03    1.5903E-04  1.1103E-05   -9.1993E-05  4.7989E-04   -4.3275E-05  3.7641E-04    7.7684E-05  2.8832E-04
   8.923  7.1831E-02 -1.8851E+00   -2.9016E-02  3.3194E-04   -2.0425E-02  1.9126E-04   -1.6320E-02  5.4763E-03    1.2950E-04  9.3320E-06   -7.0365E-05  3.7961E-04   -3.1899E-05  2.9378E-04    6.1206E-05  2.2061E-04
   9.111  2.6767E-02 -1.9400E+00   -2.6032E-02  4.5748E-04   -1.8034E-02  3.2558E-04   -1.4056E-02  4.9031E-03    1.0288E-04  7.5967E-06   -5.2823E-05  2.9375E-04   -2.3081E-05  2.2414E-04    4.6908E-05  1.6486E-04
   9.312 -2.1367E-02 -1.9862E+00   -2.3207E-02  5.2436E-04   -1.5813E-02  3.9990E-04   -1.2010E-02  4.3266E-03    8.0210E-05  6.0307E-06   -3.9199E-05  2.2375E-04   -1.6538E-05  1.6827E-04    3.5209E-05  1.2120E-04
   9.520 -7.1120E-02 -2.0195E+00   -2.0618E-02  5.4647E-04   -1.3815E-02  4.2864E-04   -1.0221E-02  3.7781E-03    6.1757E-05  4.7053E-06   -2.8953E-05  1.6885E-04   -1.1829E-05  1.2517E-04    2.6081E-05  8.8312E-05
   9.730 -1.2090E-01 -2.0367E+00   -1.8307E-02  5.3855E-04   -1.2066E-02  4.2689E-04   -8.6985E-03  3.2797E-03    4.7281E-05  3.6371E-06   -2.1423E-05  1.2708E-04   -8.5049E-06  9.2896E-05    1.9218E-05  6.4250E-05
   9.938 -1.6907E-01 -2.0364E+00   -1.6292E-02  5.1320E-04   -1.0569E-02  4.0743E-04   -7.4315E-03  2.8435E-03    3.6247E-05  2.8074E-06   -1.5977E-05  9.6026E-05   -6.1866E-06  6.9271E-05    1.4199E-05  4.7016E-05
  10.139 -2.1412E-01 -2.0189E+00   -1.4572E-02  4.7982E-04   -9.3135E-03  3.7964E-04   -6.3963E-03  2.4732E-03    2.8014E-05  2.1804E-06   -1.2081E-05  7.3327E-05   -4.5796E-06  5.2249E-05    1.0600E-05  3.4852E-05
  10.327 -2.5479E-01 -1.9865E+00   -1.3130E-02  4.4470E-04   -8.2789E-03  3.4973E-04   -5.5643E-03  2.1671E-03    2.1971E-05  1.7158E-06   -9.3146E-06  5.6939E-05   -3.4685E-06  4.0121E-05    8.0534E-06  2.6344E-05
  10.500 -2.9014E-01 -1.9431E+00   -1.1947E-02  4.1164E-04   -7.4423E-03  3.2138E-04   -4.9067E-03  1.9200E-03    1.7591E-05  1.3769E-06   -7.3611E-06  4.5221E-05   -2.7014E-06  3.1551E-05    6.2681E-06  2.0432E-05
  10.651 -3.1965E-01 -1.8939E+00   -1.0999E-02  3.8273E-04   -6.7807E-03  2.9658E-04   -4.3968E-03  1.7253E-03    1.4457E-05  1.1332E-06   -5.9915E-06  3.6926E-05   -2.1735E-06  2.5547E-05    5.0272E-06  1.6350E-05
  10.779 -3.4312E-01 -1.8444E+00   -1.0264E-02  3.5899E-04   -6.2731E-03  2.7624E-04   -4.0122E-03  1.5769E-03    1.2253E-05  9.6132E-07   -5.0440E-06  3.1145E-05   -1.8138E-06  2.1399E-05    4.1760E-06  1.3563E-05
  10.879 -3.6067E-01 -1.8003E+00   -9.7214E-03  3.4081E-04   -5.9020E-03  2.6069E-04   -3.7348E-03  1.4689E-03    1.0754E-05  8.4406E-07   -4.4072E-06  2.7239E-05   -1.5748E-06  1.8615E-05    3.6082E-06  1.1711E-05
  10.950 -3.7255E-01 -1.7663E+00   -9.3560E-03  3.2826E-04   -5.6538E-03  2.4999E-04   -3.5511E-03  1.3970E-03    9.8043E-06  7.6964E-07   -4.0074E-06  2.4776E-05   -1.4261E-06  1.6869E-05    3.2536E-06  1.0557E-05
  10.991 -3.7903E-01 -1.7462E+00   -9.1566E-03  3.2131E-04   -5.5189E-03  2.4407E-04   -3.4519E-03  1.3580E-03    9.3061E-06  7.3056E-07   -3.7988E-06  2.3488E-05   -1.3490E-06  1.5959E-05    3.0694E-06  9.9591E-06
 External wave functions
  10.991 -3.7903E-01 -1.7462E+00   -9.1566E-03  3.2131E-04   -5.5189E-03  2.4407E-04   -3.4519E-03  1.3580E-03    9.3062E-06  7.3056E-07   -3.7988E-06  2.3488E-05   -1.3490E-06  1.5959E-05    3.0694E-06  9.9591E-06
  11.191 -4.0902E-01 -1.6353E+00   -8.2274E-03  2.8870E-04   -4.8957E-03  2.1651E-04   -2.9999E-03  1.1802E-03    7.1746E-06  5.6323E-07   -2.9117E-06  1.8004E-05   -1.0235E-06  1.2109E-05    2.2961E-06  7.4501E-06
  11.391 -4.3477E-01 -1.5075E+00   -7.3980E-03  2.5960E-04   -4.3476E-03  1.9227E-04   -2.6113E-03  1.0273E-03    5.5331E-06  4.3436E-07   -2.2330E-06  1.3807E-05   -7.7722E-07  9.1948E-06    1.7198E-06  5.5803E-06
  11.591 -4.5589E-01 -1.3636E+00   -6.6571E-03  2.3360E-04   -3.8649E-03  1.7093E-04   -2.2765E-03  8.9562E-04    4.2685E-06  3.3509E-07   -1.7133E-06  1.0593E-05   -5.9067E-07  6.9878E-06    1.2898E-06  4.1849E-06
  11.791 -4.7202E-01 -1.2049E+00   -5.9947E-03  2.1036E-04   -3.4393E-03  1.5211E-04   -1.9876E-03  7.8195E-04    3.2940E-06  2.5859E-07   -1.3152E-06  8.1318E-06   -4.4924E-07  5.3146E-06    9.6840E-07  3.1421E-06
  11.991 -4.8286E-01 -1.0326E+00   -5.4018E-03  1.8955E-04   -3.0637E-03  1.3549E-04   -1.7378E-03  6.8369E-04    2.5427E-06  1.9961E-07   -1.0100E-06  6.2451E-06   -3.4193E-07  4.0451E-06    7.2792E-07  2.3618E-06
  12.191 -4.8816E-01 -8.4850E-01   -4.8709E-03  1.7092E-04   -2.7316E-03  1.2081E-04   -1.5216E-03  5.9862E-04    1.9633E-06  1.5412E-07   -7.7603E-07  4.7983E-06   -2.6044E-07  3.0810E-06    5.4774E-07  1.7772E-06
  12.391 -4.8776E-01 -6.5448E-01   -4.3950E-03  1.5422E-04   -2.4378E-03  1.0781E-04   -1.3340E-03  5.2483E-04    1.5164E-06  1.1904E-07   -5.9650E-07  3.6882E-06   -1.9850E-07  2.3483E-06    4.1259E-07  1.3387E-06
  12.591 -4.8153E-01 -4.5265E-01   -3.9682E-03  1.3924E-04   -2.1776E-03  9.6306E-05   -1.1711E-03  4.6074E-04    1.1715E-06  9.1964E-08   -4.5869E-07  2.8361E-06   -1.5140E-07  1.7911E-06    3.1109E-07  1.0094E-06
  12.791 -4.6944E-01 -2.4533E-01   -3.5850E-03  1.2580E-04   -1.9469E-03  8.6100E-05   -1.0294E-03  4.0498E-04    9.0526E-07  7.1066E-08   -3.5286E-07  2.1818E-06   -1.1554E-07  1.3669E-06    2.3479E-07  7.6181E-07
  12.991 -4.5154E-01 -3.4978E-02   -3.2407E-03  1.1372E-04   -1.7420E-03  7.7042E-05   -9.0592E-04  3.5641E-04    6.9973E-07  5.4930E-08   -2.7155E-07  1.6790E-06   -8.8233E-08  1.0438E-06    1.7736E-07  5.7548E-07
  13.191 -4.2796E-01  1.7581E-01   -2.9313E-03  1.0286E-04   -1.5600E-03  6.8993E-05   -7.9821E-04  3.1403E-04    5.4099E-07  4.2469E-08   -2.0905E-07  1.2926E-06   -6.7417E-08  7.9757E-07    1.3410E-07  4.3511E-07
Wave function, E=   8.000 entrance channel= 1
 Internal wave functions
   0.009  4.5152E-10  4.7430E-10   -1.6402E-05  1.4764E-05    1.0233E-09 -2.8308E-10    1.2344E-10 -1.7277E-11    1.6922E-04  2.7734E-04    3.4029E-05  3.9394E-06    1.0072E-05  3.1742E-06    1.1709E-05 -4.5864E-06
   0.050  3.4043E-07  3.5773E-07   -4.4898E-04  4.0466E-04    6.7836E-07 -2.6211E-07   -1.2850E-09  1.4536E-11    1.1646E-03  2.5098E-03    2.6359E-04  3.0879E-05    7.6667E-05  2.4225E-05    8.8326E-05 -3.4532E-05
   0.121  1.1878E-05  1.2440E-05   -2.6059E-03  2.3654E-03    2.3656E-05 -9.1642E-06   -8.0747E-08 -2.2652E-08    2.9304E-03  8.8994E-03    8.6511E-04  1.0294E-04    2.5003E-04  7.9413E-05    2.8954E-04 -1.1311E-04
   0.221  1.3071E-04  1.3544E-04   -8.2149E-03  7.6119E-03    2.5869E-04 -1.0188E-04   -3.0802E-06 -8.1814E-07    4.3850E-03  2.0680E-02    1.9477E-03  2.2372E-04    5.4422E-04  1.7864E-04    6.1682E-04 -2.3912E-04
   0.349  7.6499E-04  7.7411E-04   -1.7761E-02  1.7227E-02    1.4928E-03 -6.0868E-04   -4.5295E-05 -1.1661E-05    4.2000E-03  3.6274E-02    3.6592E-03  3.0549E-04    1.0647E-03  3.9670E-04    1.2063E-03 -4.6107E-04
   0.500  2.9378E-03  2.8456E-03   -2.8041E-02  2.9761E-02    5.5867E-03 -2.4225E-03   -3.6654E-04 -8.8552E-05    1.3556E-03  4.8447E-02    5.2924E-03 -1.0641E-04    1.7818E-03  9.5807E-04    2.0419E-03 -7.5117E-04
   0.673  8.1718E-03  7.3542E-03   -3.1365E-02  3.9729E-02    1.4892E-02 -7.1162E-03   -1.9167E-03 -4.1467E-04   -3.4388E-03  4.6268E-02    4.9720E-03 -1.9109E-03    2.6390E-03  2.7015E-03    3.5338E-03 -1.1915E-03
   0.861  1.7255E-02  1.3792E-02   -1.9875E-02  3.8812E-02    2.9427E-02 -1.6219E-02   -7.0859E-03 -1.2685E-03   -8.7622E-03  2.1561E-02   -9.3725E-04 -5.9060E-03    2.8455E-03  7.4556E-03    6.0100E-03 -1.6488E-03
   1.062  2.8094E-02  1.8458E-02    5.6299E-03  2.1246E-02    4.3227E-02 -2.9246E-02   -1.9518E-02 -2.4710E-03   -1.3875E-02 -2.0474E-02   -1.5084E-02 -1.1117E-02    1.2649E-03  1.8019E-02    1.0799E-02 -2.0167E-03
   1.270  3.4769E-02  1.5674E-02    3.0910E-02 -9.2540E-03    4.4983E-02 -4.1531E-02   -4.1323E-02 -2.2731E-03   -2.0139E-02 -5.9780E-02   -3.6015E-02 -1.3741E-02   -3.1265E-03  3.6147E-02    1.9076E-02 -1.8087E-03
   1.480  3.0371E-02  2.9834E-03    3.6711E-02 -3.7935E-02    2.6322E-02 -4.4752E-02   -6.8368E-02  2.9197E-03   -2.7872E-02 -7.2353E-02   -5.5426E-02 -8.8510E-03   -8.9702E-03  5.9572E-02    3.1977E-02 -9.3437E-04
   1.688  1.2802E-02 -1.4328E-02    1.5845E-02 -4.7423E-02   -8.2539E-03 -3.2041E-02   -8.8622E-02  1.6074E-02   -3.3912E-02 -4.9648E-02   -6.2560E-02  4.8675E-03   -1.2735E-02  8.0331E-02    4.7495E-02  2.6004E-04
   1.889 -1.1797E-02 -2.5709E-02   -1.8772E-02 -3.0750E-02   -4.1407E-02 -4.5089E-03   -8.8163E-02  3.5404E-02   -3.2462E-02 -5.2920E-03   -5.1212E-02  2.2249E-02   -1.0662E-02  8.8119E-02    6.0865E-02  4.6565E-04
   2.077 -3.2371E-02 -2.3681E-02   -4.4806E-02  3.1371E-03   -5.5341E-02  2.7560E-02   -6.1492E-02  5.3337E-02   -2.1320E-02  3.4885E-02   -2.5613E-02  3.4385E-02   -2.9333E-03  7.6615E-02    6.4888E-02 -1.0329E-03
   2.250 -4.0503E-02 -9.4745E-03   -4.8421E-02  3.6797E-02   -4.4628E-02  5.1212E-02   -1.6359E-02  6.1113E-02   -4.3319E-03  5.2289E-02    3.1151E-03  3.5185E-02    6.4005E-03  4.8065E-02    5.5275E-02 -3.7484E-03
   2.401 -3.5218E-02  9.2716E-03   -3.1688E-02  5.6857E-02   -1.7559E-02  5.9205E-02    3.1725E-02  5.5025E-02    1.0943E-02  4.4037E-02    2.3887E-02  2.5099E-02    1.1959E-02  1.1419E-02    3.2114E-02 -5.5395E-03
   2.529 -2.1656E-02  2.5012E-02   -6.1557E-03  6.0530E-02    1.2605E-02  5.2997E-02    6.9599E-02  3.8348E-02    1.9284E-02  1.9790E-02    3.2215E-02  9.4935E-03    1.1267E-02 -2.3248E-02    8.3721E-04 -4.6192E-03
   2.629 -6.4624E-03  3.4485E-02    1.7304E-02  5.3280E-02    3.6477E-02  3.9450E-02    9.2415E-02  1.8146E-02    1.9795E-02 -8.7388E-03    2.9703E-02 -5.7827E-03    5.0951E-03 -4.9779E-02   -3.2170E-02 -4.0104E-04
   2.700  5.6738E-03  3.8508E-02    3.3459E-02  4.2887E-02    5.1214E-02  2.5820E-02    1.0271E-01  9.1197E-04    1.5435E-02 -3.3031E-02    2.1698E-02 -1.7172E-02   -3.3196E-03 -6.6725E-02   -6.0730E-02  5.6586E-03
   2.741  1.2691E-02  3.9570E-02    4.1793E-02  3.5317E-02    5.8182E-02  1.6949E-02    1.0594E-01 -9.5317E-03    1.0146E-02 -4.9049E-02    1.3612E-02 -2.3607E-02   -1.0539E-02 -7.5497E-02   -8.0593E-02  1.1204E-02
   2.759  1.5989E-02  3.9743E-02    4.5438E-02  3.1371E-02    6.1054E-02  1.2526E-02    1.0676E-01 -1.4572E-02    5.8337E-03 -5.6076E-02    7.4469E-03 -2.5668E-02   -1.4763E-02 -7.6238E-02   -8.8477E-02  1.4421E-02
   2.800  2.2871E-02  3.9387E-02    5.2430E-02  2.2295E-02    6.6162E-02  2.7426E-03    1.0695E-01 -2.5397E-02   -4.6623E-03 -6.6099E-02   -7.2596E-03 -2.7517E-02   -2.2974E-02 -6.9809E-02   -9.6691E-02  2.0477E-02
   2.871  3.4300E-02  3.6273E-02    6.1805E-02  4.3540E-03    7.1510E-02 -1.5429E-02    1.0193E-01 -4.4475E-02   -2.3595E-02 -8.0042E-02   -3.3063E-02 -2.9240E-02   -3.7197E-02 -5.5366E-02   -1.0816E-01  3.1719E-02
   2.971  4.7357E-02  2.6555E-02    6.6862E-02 -2.2879E-02    6.9941E-02 -4.0797E-02    8.3177E-02 -6.8995E-02   -4.9042E-02 -8.9455E-02   -6.6134E-02 -2.7549E-02   -5.4836E-02 -2.9308E-02   -1.1637E-01  4.8108E-02
   3.099  5.5840E-02  6.6243E-03    5.7494E-02 -5.4944E-02    5.2007E-02 -6.7247E-02    4.1909E-02 -9.0770E-02   -7.4375E-02 -8.1730E-02   -9.6363E-02 -1.7701E-02   -6.9192E-02  9.8955E-03   -1.1123E-01  6.7810E-02
   3.250  5.0692E-02 -2.3140E-02    2.4878E-02 -7.9171E-02    1.1449E-02 -8.1614E-02   -2.3270E-02 -9.4843E-02   -8.6816E-02 -4.5843E-02   -1.0707E-01  3.6673E-03   -6.9100E-02  5.7110E-02   -8.1747E-02  8.5028E-02
   3.423  2.4073E-02 -5.4088E-02   -2.8543E-02 -7.6804E-02   -4.5312E-02 -6.7106E-02   -9.6534E-02 -6.4360E-02   -7.1299E-02  1.6118E-02   -8.1871E-02  3.2957E-02   -4.3618E-02  9.6988E-02   -2.3294E-02  8.8781E-02
   3.611 -2.3492E-02 -6.8966E-02   -8.0658E-02 -3.4797E-02   -9.3141E-02 -1.5369E-02   -1.4227E-01  5.4993E-03   -2.1871E-02  8.0096E-02   -1.8810E-02  5.5815E-02    7.4338E-03  1.0721E-01    5.2537E-02  6.6313E-02
   3.812 -7.7615E-02 -4.9384E-02   -9.6147E-02  3.7668E-02   -9.7582E-02  5.8812E-02   -1.2163E-01  9.2080E-02    4.5860E-02  1.0865E-01    5.8695E-02  5.3351E-02    6.4684E-02  7.2371E-02    1.1518E-01  1.3491E-02
   4.020 -1.1170E-01  1.1297E-02   -5.2284E-02  1.0472E-01   -4.1300E-02  1.1654E-01   -2.5336E-02  1.4735E-01    9.6975E-02  7.9309E-02    1.1020E-01  1.9091E-02    9.5941E-02  1.0971E-03    1.3021E-01 -5.4078E-02
   4.230 -9.7069E-02  9.8041E-02    3.5855E-02  1.2436E-01    5.3840E-02  1.1824E-01    1.0577E-01  1.2859E-01    1.0151E-01  7.6283E-03    1.0733E-01 -2.9679E-02    8.0686E-02 -7.2818E-02    8.7144E-02 -1.0445E-01
   4.438 -1.8836E-02  1.7534E-01    1.2092E-01  8.1047E-02    1.3696E-01  5.5656E-02    2.0246E-01  3.5821E-02    6.0073E-02 -6.4435E-02    5.7114E-02 -6.3980E-02    2.9352E-02 -1.1394E-01    1.2077E-02 -1.1252E-01
   4.639  1.1033E-01  2.0346E-01    1.6009E-01 -2.4631E-03    1.6695E-01 -4.0818E-02    2.1887E-01 -8.5203E-02    8.4603E-04 -1.0453E-01   -7.1776E-03 -6.8215E-02   -2.6871E-02 -1.1183E-01   -5.3864E-02 -8.0742E-02
   4.827  2.5316E-01  1.6236E-01    1.4497E-01 -8.6973E-02    1.4021E-01 -1.2867E-01    1.6165E-01 -1.8111E-01   -4.7478E-02 -1.0941E-01   -5.6138E-02 -4.8989E-02   -6.3719E-02 -8.2144E-02   -8.7178E-02 -3.2916E-02
   5.000  3.7043E-01  6.2668E-02    9.6500E-02 -1.4636E-01    8.1766E-02 -1.8346E-01    7.0697E-02 -2.2747E-01   -7.4099E-02 -9.4087E-02   -8.0846E-02 -2.2219E-02   -7.6977E-02 -4.6632E-02   -9.0503E-02  8.6130E-03
   5.151  4.4234E-01 -6.5740E-02    4.0730E-02 -1.7649E-01    1.9284E-02 -2.0497E-01   -1.6884E-02 -2.3126E-01   -8.2979E-02 -7.3631E-02   -8.7182E-02  8.3909E-04   -7.4848E-02 -1.8067E-02   -7.8192E-02  3.5212E-02
   5.279  4.7134E-01 -1.9281E-01   -6.5041E-03 -1.8587E-01   -3.1690E-02 -2.0512E-01   -8.3417E-02 -2.1200E-01   -8.2231E-02 -5.5940E-02   -8.4257E-02  1.6643E-02   -6.6637E-02  6.9558E-04   -6.2330E-02  4.8681E-02
   5.379  4.7208E-01 -2.9876E-01   -4.0240E-02 -1.8480E-01   -6.7181E-02 -1.9620E-01   -1.2695E-01 -1.8667E-01   -7.8088E-02 -4.3231E-02   -7.8574E-02  2.6054E-02   -5.8062E-02  1.1562E-02   -4.8924E-02  5.4028E-02
   5.450  4.6098E-01 -3.7426E-01   -6.1291E-02 -1.8059E-01   -8.8914E-02 -1.8640E-01   -1.5214E-01 -1.6530E-01   -7.3958E-02 -3.5232E-02   -7.3492E-02  3.1069E-02   -5.1578E-02  1.7259E-02   -3.9763E-02  5.5479E-02
   5.491  4.5066E-01 -4.1640E-01   -7.1985E-02 -1.7724E-01   -9.9813E-02 -1.7993E-01   -1.6423E-01 -1.5248E-01   -7.1347E-02 -3.1125E-02   -7.0402E-02  3.3327E-02   -4.7915E-02  1.9804E-02   -3.4864E-02  5.5589E-02
   5.509  4.4482E-01 -4.3608E-01   -7.6722E-02 -1.7547E-01   -1.0461E-01 -1.7669E-01   -1.6940E-01 -1.4631E-01   -7.0067E-02 -2.9292E-02   -6.8909E-02  3.4257E-02   -4.6203E-02  2.0850E-02   -3.2636E-02  5.5487E-02
   5.550  4.3043E-01 -4.7733E-01   -8.6118E-02 -1.7134E-01   -1.1405E-01 -1.6951E-01   -1.7928E-01 -1.3305E-01   -6.7274E-02 -2.5619E-02   -6.5696E-02  3.5960E-02   -4.2627E-02  2.2762E-02   -2.8103E-02  5.4979E-02
   5.621  3.9857E-01 -5.4838E-01   -1.0061E-01 -1.6309E-01   -1.2839E-01 -1.5601E-01   -1.9329E-01 -1.0935E-01   -6.2173E-02 -1.9813E-02   -5.9949E-02  3.8147E-02   -3.6548E-02  2.5229E-02   -2.0759E-02  5.3257E-02
   5.721  3.4119E-01 -6.4271E-01   -1.1651E-01 -1.5028E-01   -1.4369E-01 -1.3623E-01   -2.0605E-01 -7.6645E-02   -5.4965E-02 -1.3064E-02   -5.2032E-02  3.9675E-02   -2.8742E-02  2.7029E-02   -1.2004E-02  4.9526E-02
   5.849  2.5104E-01 -7.4974E-01   -1.2971E-01 -1.3373E-01   -1.5573E-01 -1.1169E-01   -2.1223E-01 -3.8550E-02   -4.6338E-02 -6.6456E-03   -4.2810E-02  3.9590E-02   -2.0402E-02  2.7225E-02   -3.5869E-03  4.3578E-02
   6.000  1.2515E-01 -8.5590E-01   -1.3712E-01 -1.1573E-01   -1.6155E-01 -8.5535E-02   -2.0875E-01 -3.8789E-04   -3.7344E-02 -1.4953E-03   -3.3459E-02  3.7540E-02   -1.2796E-02  2.5570E-02    2.9938E-03  3.6051E-02
   6.173 -3.3383E-02 -9.4721E-01   -1.3767E-01 -9.9201E-02   -1.6044E-01 -6.1404E-02   -1.9583E-01  3.2534E-02   -2.9004E-02  2.0099E-03   -2.5044E-02  3.3844E-02   -6.8097E-03  2.2501E-02    7.0288E-03  2.8108E-02
   6.361 -2.1580E-01 -1.0122E+00   -1.3229E-01 -8.6510E-02   -1.5380E-01 -4.2123E-02   -1.7645E-01  5.6802E-02   -2.1971E-02  3.9898E-03   -1.8178E-02  2.9215E-02   -2.7131E-03  1.8774E-02    8.6848E-03  2.0857E-02
   6.562 -4.0987E-01 -1.0434E+00   -1.2300E-01 -7.8669E-02   -1.4402E-01 -2.8884E-02   -1.5456E-01  7.1659E-02   -1.6444E-02  4.8215E-03   -1.2981E-02  2.4395E-02   -2.7353E-04  1.5076E-02    8.6566E-03  1.4941E-02
   6.770 -6.0236E-01 -1.0382E+00   -1.1183E-01 -7.5372E-02   -1.3333E-01 -2.1366E-02   -1.3348E-01  7.8448E-02   -1.2300E-02  4.9179E-03   -9.2448E-03  1.9918E-02    9.6893E-04  1.1823E-02    7.7210E-03  1.0496E-02
   6.980 -7.8106E-01 -9.9770E-01   -1.0028E-01 -7.5531E-02   -1.2325E-01 -1.8376E-02   -1.1518E-01  7.9472E-02   -9.2775E-03  4.6123E-03   -6.6424E-03  1.6061E-02    1.4680E-03  9.1722E-03    6.4680E-03  7.3414E-03
   7.188 -9.3621E-01 -9.2636E-01   -8.9166E-02 -7.7854E-02   -1.1446E-01 -1.8499E-02   -1.0036E-01  7.7027E-02   -7.1008E-03  4.1323E-03   -4.8568E-03  1.2903E-02    1.5643E-03  7.1136E-03    5.2407E-03  5.1780E-03
   7.389 -1.0613E+00 -8.3123E-01   -7.8860E-02 -8.1215E-02   -1.0712E-01 -2.0491E-02   -8.8923E-02  7.2901E-02   -5.5394E-03  3.6150E-03   -3.6361E-03  1.0407E-02    1.4738E-03  5.5625E-03    4.1910E-03  3.7209E-03
   7.577 -1.1538E+00 -7.2105E-01   -6.9499E-02 -8.4800E-02   -1.0108E-01 -2.3416E-02   -8.0350E-02  6.8282E-02   -4.4190E-03  3.1337E-03   -2.7992E-03  8.4843E-03    1.3173E-03  4.4157E-03    3.3570E-03  2.7455E-03
   7.750 -1.2149E+00 -6.0531E-01   -6.1152E-02 -8.8106E-02   -9.6147E-02 -2.6634E-02   -7.4056E-02  6.3857E-02   -3.6145E-03  2.7210E-03   -2.2226E-03  7.0318E-03    1.1547E-03  3.5792E-03    2.7235E-03  2.0926E-03
   7.901 -1.2490E+00 -4.9322E-01   -5.3892E-02 -9.0876E-02   -9.2141E-02 -2.9731E-02   -6.9509E-02  5.9978E-02   -3.0387E-03  2.3869E-03   -1.8243E-03  5.9552E-03    1.0121E-03  2.9766E-03    2.2571E-03  1.6550E-03
   8.029 -1.2629E+00 -3.9286E-01   -4.7819E-02 -9.3023E-02   -8.8949E-02 -3.2449E-02   -6.6288E-02  5.6798E-02   -2.6317E-03  2.1293E-03   -1.5508E-03  5.1760E-03    8.9823E-04  2.5502E-03    1.9237E-03  1.3630E-03
   8.129 -1.2641E+00 -3.1062E-01   -4.3040E-02 -9.4565E-02   -8.6515E-02 -3.4633E-02   -6.4084E-02  5.4369E-02   -2.3525E-03  1.9418E-03   -1.3675E-03  4.6335E-03    8.1411E-04  2.2585E-03    1.6945E-03  1.1720E-03
   8.200 -1.2597E+00 -2.5109E-01   -3.9657E-02 -9.5564E-02   -8.4823E-02 -3.6189E-02   -6.2680E-02  5.2696E-02   -2.1742E-03  1.8174E-03   -1.2523E-03  4.2839E-03    7.5795E-04  2.0728E-03    1.5485E-03  1.0543E-03
   8.241 -1.2552E+00 -2.1713E-01   -3.7750E-02 -9.6092E-02   -8.3878E-02 -3.7068E-02   -6.1941E-02  5.1771E-02   -2.0802E-03  1.7502E-03   -1.1922E-03  4.0986E-03    7.2758E-04  1.9751E-03    1.4717E-03  9.9364E-04
   8.259 -1.2527E+00 -2.0104E-01   -3.6850E-02 -9.6331E-02   -8.3434E-02 -3.7483E-02   -6.1605E-02  5.1339E-02   -2.0374E-03  1.7192E-03   -1.1649E-03  4.0140E-03    7.1358E-04  1.9307E-03    1.4368E-03  9.6636E-04
   8.300 -1.2462E+00 -1.6674E-01   -3.4941E-02 -9.6819E-02   -8.2496E-02 -3.8362E-02   -6.0917E-02  5.0433E-02   -1.9496E-03  1.6551E-03   -1.1094E-03  3.8402E-03    6.8458E-04  1.8398E-03    1.3654E-03  9.1110E-04
   8.371 -1.2313E+00 -1.0543E-01   -3.1548E-02 -9.7614E-02   -8.0837E-02 -3.9921E-02   -5.9777E-02  4.8857E-02   -1.8036E-03  1.5464E-03   -1.0179E-03  3.5500E-03    6.3543E-04  1.6891E-03    1.2471E-03  8.2122E-04
   8.471 -1.2029E+00 -1.8193E-02   -2.6743E-02 -9.8580E-02   -7.8500E-02 -4.2113E-02   -5.8324E-02  4.6700E-02   -1.6166E-03  1.4032E-03   -9.0236E-04  3.1766E-03    5.7093E-04  1.4973E-03    1.0970E-03  7.1003E-04
   8.599 -1.1546E+00  9.2632E-02   -2.0628E-02 -9.9526E-02   -7.5525E-02 -4.4864E-02   -5.6717E-02  4.4077E-02   -1.4082E-03  1.2385E-03   -7.7583E-04  2.7586E-03    4.9718E-04  1.2854E-03    9.3203E-04  5.9157E-04
   8.750 -1.0799E+00  2.2287E-01   -1.3338E-02 -1.0022E-01   -7.1949E-02 -4.8070E-02   -5.5100E-02  4.1114E-02   -1.1963E-03  1.0656E-03   -6.4982E-04  2.3325E-03    4.2057E-04  1.0728E-03    7.6777E-04  4.7757E-04
   8.923 -9.7356E-01  3.6615E-01   -5.0479E-03 -1.0043E-01   -6.7799E-02 -5.1600E-02   -5.3585E-02  3.7934E-02   -9.9520E-04  8.9639E-04   -5.3278E-04  1.9279E-03    3.4675E-04  8.7426E-04    6.1611E-04  3.7584E-04
   9.111 -8.3301E-01  5.1395E-01    4.0199E-03 -9.9908E-02   -6.3103E-02 -5.5299E-02   -5.2241E-02  3.4642E-02   -8.1428E-04  7.4002E-04   -4.2975E-04  1.5648E-03    2.7987E-04  6.9922E-04    4.8425E-04  2.9020E-04
   9.312 -6.5955E-01  6.5628E-01    1.3595E-02 -9.8488E-02   -5.7903E-02 -5.9005E-02   -5.1096E-02  3.1319E-02   -6.5832E-04  6.0228E-04   -3.4276E-04  1.2534E-03    2.2230E-04  5.5177E-04    3.7502E-04  2.2129E-04
   9.520 -4.5879E-01  7.8283E-01    2.3367E-02 -9.6058E-02   -5.2268E-02 -6.2555E-02   -5.0150E-02  2.8027E-02   -5.2847E-04  4.8565E-04   -2.7171E-04  9.9605E-04    1.7480E-04  4.3204E-04    2.8795E-04  1.6775E-04
   9.730 -2.4033E-01  8.8462E-01    3.3005E-02 -9.2607E-02   -4.6300E-02 -6.5798E-02   -4.9379E-02  2.4811E-02   -4.2332E-04  3.9009E-04   -2.1517E-04  7.8964E-04    1.3690E-04  3.3760E-04    2.2063E-04  1.2720E-04
   9.938 -1.6329E-02  9.5550E-01    4.2184E-02 -8.8229E-02   -4.0144E-02 -6.8614E-02   -4.8748E-02  2.1711E-02   -3.4009E-04  3.1382E-04   -1.7109E-04  6.2793E-04    1.0747E-04  2.6478E-04    1.6975E-04  9.7089E-05
  10.139  2.0036E-01  9.9325E-01    5.0616E-02 -8.3117E-02   -3.3973E-02 -7.0923E-02   -4.8221E-02  1.8766E-02   -2.7538E-04  2.5425E-04   -1.3728E-04  5.0358E-04    8.5073E-05  2.0962E-04    1.3196E-04  7.5021E-05
  10.327  3.9833E-01  9.9987E-01    5.8081E-02 -7.7546E-02   -2.7983E-02 -7.2694E-02   -4.7767E-02  1.6022E-02   -2.2585E-04  2.0851E-04   -1.1169E-04  4.0939E-04    6.8305E-05  1.6840E-04    1.0424E-04  5.9004E-05
  10.500  5.6924E-01  9.8103E-01    6.4438E-02 -7.1845E-02   -2.2376E-02 -7.3945E-02   -4.7365E-02  1.3526E-02   -1.8846E-04  1.7395E-04   -9.2561E-05  3.3899E-04    5.5917E-05  1.3796E-04    8.4112E-05  4.7472E-05
  10.651  7.0863E-01  9.4494E-01    6.9631E-02 -6.6365E-02   -1.7343E-02 -7.4741E-02   -4.7005E-02  1.1328E-02   -1.6068E-04  1.4827E-04   -7.8457E-05  2.8715E-04    4.6895E-05  1.1577E-04    6.9666E-05  3.9244E-05
  10.779  8.1571E-01  9.0082E-01    7.3676E-02 -6.1441E-02   -1.3053E-02 -7.5178E-02   -4.6688E-02  9.4764E-03   -1.4049E-04  1.2961E-04   -6.8274E-05  2.4976E-04    4.0453E-05  9.9918E-05    5.9472E-05  3.3465E-05
  10.879  8.9248E-01  8.5753E-01    7.6641E-02 -5.7372E-02   -9.6453E-03 -7.5368E-02   -4.6425E-02  8.0155E-03   -1.2638E-04  1.1657E-04   -6.1189E-05  2.2379E-04    3.6014E-05  8.8977E-05    5.2509E-05  2.9531E-05
  10.950  9.4234E-01  8.2255E-01    7.8613E-02 -5.4398E-02   -7.2226E-03 -7.5417E-02   -4.6230E-02  6.9806E-03   -1.1725E-04  1.0814E-04   -5.6623E-05  2.0707E-04    3.3174E-05  8.1970E-05    4.8083E-05  2.7037E-05
  10.991  9.6871E-01  8.0131E-01    7.9678E-02 -5.2689E-02   -5.8541E-03 -7.5413E-02   -4.6117E-02  6.3968E-03   -1.1239E-04  1.0366E-04   -5.4201E-05  1.9821E-04    3.1675E-05  7.8268E-05    4.5756E-05  2.5727E-05
 External wave functions
  10.991  9.6871E-01  8.0131E-01    7.9678E-02 -5.2689E-02   -5.8541E-03 -7.5413E-02   -4.6117E-02  6.3968E-03   -1.1239E-04  1.0366E-04   -5.4201E-05  1.9821E-04    3.1675E-05  7.8268E-05    4.5756E-05  2.5727E-05
  11.191  1.0803E+00  6.7995E-01    8.4459E-02 -4.3834E-02    9.9134E-04 -7.5051E-02   -4.5502E-02  3.4791E-03   -9.1029E-05  8.3959E-05   -4.3590E-05  1.5941E-04    2.5165E-05  6.2182E-05    3.5751E-05  2.0101E-05
  11.391  1.1557E+00  5.3586E-01    8.8310E-02 -3.4496E-02    7.8287E-03 -7.4101E-02   -4.4793E-02  5.5447E-04   -7.3755E-05  6.8027E-05   -3.5078E-05  1.2828E-04    2.0013E-05  4.9451E-05    2.7975E-05  1.5729E-05
  11.591  1.1921E+00  3.7371E-01    9.1172E-02 -2.4773E-02    1.4602E-02 -7.2550E-02   -4.3969E-02 -2.3714E-03   -5.9783E-05  5.5140E-05   -2.8246E-05  1.0329E-04    1.5931E-05  3.9365E-05    2.1922E-05  1.2326E-05
  11.791  1.1881E+00  1.9886E-01    9.2998E-02 -1.4768E-02    2.1253E-02 -7.0390E-02   -4.3011E-02 -5.2898E-03   -4.8476E-05  4.4711E-05   -2.2757E-05  8.3221E-05    1.2693E-05  3.1364E-05    1.7202E-05  9.6720E-06
  11.991  1.1433E+00  1.7209E-02    9.3751E-02 -4.5932E-03    2.7719E-02 -6.7621E-02   -4.1904E-02 -8.1896E-03   -3.9321E-05  3.6267E-05   -1.8345E-05  6.7087E-05    1.0122E-05  2.5012E-05    1.3516E-05  7.5996E-06
  12.191  1.0590E+00 -1.6503E-01    9.3408E-02  5.6351E-03    3.3938E-02 -6.4248E-02   -4.0632E-02 -1.1057E-02   -3.1907E-05  2.9429E-05   -1.4796E-05  5.4110E-05    8.0792E-06  1.9963E-05    1.0633E-05  5.9788E-06
  12.391  9.3799E-01 -3.4153E-01    9.1958E-02  1.5796E-02    3.9846E-02 -6.0288E-02   -3.9185E-02 -1.3877E-02   -2.5899E-05  2.3888E-05   -1.1940E-05  4.3665E-05    6.4537E-06  1.5947E-05    8.3756E-06  4.7094E-06
  12.591  7.8412E-01 -5.0607E-01    8.9405E-02  2.5768E-02    4.5379E-02 -5.5760E-02   -3.7554E-02 -1.6631E-02   -2.1029E-05  1.9396E-05   -9.6404E-06  3.5255E-05    5.1593E-06  1.2748E-05    6.6050E-06  3.7138E-06
  12.791  6.0264E-01 -6.5277E-01    8.5767E-02  3.5426E-02    5.0475E-02 -5.0697E-02   -3.5732E-02 -1.9300E-02   -1.7081E-05  1.5754E-05   -7.7872E-06  2.8477E-05    4.1276E-06  1.0199E-05    5.2145E-06  2.9320E-06
  12.991  3.9981E-01 -7.7634E-01    8.1075E-02  4.4649E-02    5.5074E-02 -4.5135E-02   -3.3715E-02 -2.1864E-02   -1.3878E-05  1.2800E-05   -6.2932E-06  2.3014E-05    3.3046E-06  8.1656E-06    4.1212E-06  2.3172E-06
  13.191  1.8273E-01 -8.7224E-01    7.5376E-02  5.3318E-02    5.9120E-02 -3.9119E-02   -3.1503E-02 -2.4301E-02   -1.1279E-05  1.0403E-05   -5.0881E-06  1.8607E-05    2.6476E-06  6.5421E-06    3.2605E-06  1.8333E-06
Wave function, E=  12.000 entrance channel= 1
 Internal wave functions
   0.009  1.2553E-09  3.7108E-11    2.2911E-06  3.0836E-05    6.5128E-10 -1.2448E-09    7.6677E-11 -1.1194E-10    2.8660E-04  4.2106E-05    3.0552E-05 -2.8978E-05    8.9916E-06 -7.0681E-06    4.9966E-06 -1.2629E-05
   0.050  9.4668E-07  2.8027E-08    6.3303E-05  8.4444E-04    3.8545E-07 -8.8579E-07   -1.0612E-09  1.0629E-09    2.4026E-03  6.8120E-04    2.3716E-04 -2.2432E-04    6.8508E-05 -5.3769E-05    3.7748E-05 -9.5230E-05
   0.121  3.2963E-05  9.1853E-07    3.8571E-04  4.9121E-03    1.3404E-05 -3.0905E-05   -1.0439E-07  5.2198E-08    7.8911E-03  3.4007E-03    7.8326E-04 -7.3797E-04    2.2384E-04 -1.7514E-04    1.2382E-04 -3.1213E-04
   0.221  3.6039E-04  8.0892E-06    1.3848E-03  1.5586E-02    1.4482E-04 -3.3913E-04   -3.9145E-06  2.0234E-06    1.7051E-02  9.9062E-03    1.7841E-03 -1.6929E-03    4.9257E-04 -3.7763E-04    2.6538E-04 -6.6391E-04
   0.349  2.0792E-03  2.1939E-05    3.8291E-03  3.4198E-02    8.1411E-04 -1.9717E-03   -5.7147E-05  3.0099E-05    2.8022E-02  2.0284E-02    3.3686E-03 -3.3853E-03    1.0034E-03 -7.0559E-04    5.2477E-04 -1.2947E-03
   0.500  7.7796E-03 -8.8909E-05    8.8039E-03  5.5667E-02    2.8972E-03 -7.4804E-03   -4.5568E-04  2.4879E-04    3.5070E-02  3.0640E-02    4.7534E-03 -5.7119E-03    1.9143E-03 -9.6227E-04    9.1467E-04 -2.1748E-03
   0.673  2.0735E-02 -1.0028E-03    1.6690E-02  6.6491E-02    7.0490E-03 -2.0400E-02   -2.3267E-03  1.3441E-03    3.0819E-02  3.3168E-02    3.8403E-03 -7.9099E-03    3.8306E-03 -4.4601E-04    1.6845E-03 -3.6981E-03
   0.861  4.0986E-02 -4.4205E-03    2.4806E-02  5.1146E-02    1.1758E-02 -4.1811E-02   -8.2970E-03  5.2012E-03    1.0365E-02  2.1218E-02   -3.0129E-03 -7.3662E-03    7.6100E-03  3.0274E-03    3.2283E-03 -6.0522E-03
   1.062  6.0316E-02 -1.2375E-02    2.6051E-02  7.0022E-03    1.1943E-02 -6.5156E-02   -2.1687E-02  1.5209E-02   -2.1987E-02 -2.4863E-03   -1.7529E-02 -5.6699E-04    1.4592E-02  1.2751E-02    6.7281E-03 -1.0262E-02
   1.270  6.3206E-02 -2.4289E-02    1.2916E-02 -4.5097E-02    1.8521E-03 -7.5394E-02   -4.2591E-02  3.4690E-02   -5.2606E-02 -2.3625E-02   -3.5928E-02  1.4936E-02    2.5413E-02  3.1087E-02    1.3617E-02 -1.6967E-02
   1.480  3.8305E-02 -3.3990E-02   -1.3492E-02 -7.0876E-02   -1.7718E-02 -5.8031E-02   -6.3110E-02  6.2846E-02   -6.4770E-02 -2.6106E-02   -4.7720E-02  3.6247E-02    3.9318E-02  5.4936E-02    2.4896E-02 -2.7029E-02
   1.688 -8.0757E-03 -3.1923E-02   -3.9092E-02 -5.0207E-02   -3.5657E-02 -1.3119E-02   -6.8637E-02  9.1131E-02   -5.1109E-02 -6.8949E-03   -4.3019E-02  5.4868E-02    5.2714E-02  7.4633E-02    3.8559E-02 -3.9010E-02
   1.889 -5.2387E-02 -1.3303E-02   -4.5770E-02  4.3636E-03   -3.7623E-02  4.0253E-02   -4.8180E-02  1.0532E-01   -1.8637E-02  2.0390E-02   -2.0823E-02  6.0630E-02    6.0258E-02  7.8543E-02    4.9418E-02 -4.9828E-02
   2.077 -7.0955E-02  1.5822E-02   -2.6715E-02  5.8306E-02   -1.8571E-02  7.6259E-02   -5.0646E-03  9.4283E-02    1.5250E-02  3.7286E-02    8.2739E-03  4.9593E-02    5.6821E-02  6.2043E-02    5.0971E-02 -5.3992E-02
   2.250 -5.7067E-02  4.2256E-02    8.2158E-03  8.3133E-02    1.2810E-02  8.0454E-02    4.3938E-02  5.8324E-02    3.5418E-02  3.5112E-02    3.0441E-02  2.6458E-02    4.1192E-02  3.0940E-02    4.0337E-02 -4.7610E-02
   2.401 -2.2139E-02  5.5535E-02    4.1923E-02  7.3624E-02    4.2000E-02  5.6909E-02    8.0706E-02  9.1158E-03    3.6224E-02  1.8263E-02    3.7399E-02  1.4008E-03    1.6599E-02 -2.6081E-03    1.9810E-02 -2.9368E-02
   2.529  1.6342E-02  5.4054E-02    6.2877E-02  4.3186E-02    5.9441E-02  2.0809E-02    9.7027E-02 -3.8410E-02    2.2217E-02 -2.9578E-03    3.0261E-02 -1.7290E-02   -1.0729E-02 -2.8522E-02   -4.4453E-03 -2.6575E-03
   2.629  4.6399E-02  4.3400E-02    6.9857E-02  9.1064E-03    6.4492E-02 -1.3292E-02    9.6247E-02 -7.4342E-02    1.4843E-03 -2.0607E-02    1.5245E-02 -2.6350E-02   -3.5363E-02 -4.2934E-02   -2.6781E-02  2.7540E-02
   2.700  6.4697E-02  3.1039E-02    6.8370E-02 -1.7396E-02    6.2278E-02 -3.7672E-02    8.7538E-02 -9.6305E-02   -1.8388E-02 -3.1867E-02   -5.7089E-04 -2.7684E-02   -5.3977E-02 -4.7902E-02   -4.3744E-02  5.5145E-02
   2.741  7.3234E-02  2.2543E-02    6.5032E-02 -3.2290E-02    5.8788E-02 -5.0720E-02    7.9652E-02 -1.0673E-01   -3.2635E-02 -3.7433E-02   -1.2234E-02 -2.5214E-02   -6.5441E-02 -4.7783E-02   -5.4267E-02  7.5155E-02
   2.759  7.6719E-02  1.8209E-02    6.2832E-02 -3.9155E-02    5.6583E-02 -5.6576E-02    7.5217E-02 -1.1105E-01   -4.0239E-02 -3.8834E-02   -1.8817E-02 -2.1638E-02   -6.9486E-02 -4.4884E-02   -5.8021E-02  8.4497E-02
   2.800  8.2836E-02  8.4212E-03    5.6869E-02 -5.3151E-02    5.0746E-02 -6.8189E-02    6.4361E-02 -1.1882E-01   -5.4232E-02 -3.8804E-02   -3.1997E-02 -1.1735E-02   -7.2926E-02 -3.4433E-02   -6.1072E-02  9.8350E-02
   2.871  8.8935E-02 -1.0399E-02    4.2206E-02 -7.5091E-02    3.6751E-02 -8.5288E-02    4.0740E-02 -1.2735E-01   -7.6151E-02 -3.5963E-02   -5.3573E-02  6.6743E-03   -7.6160E-02 -1.3804E-02   -6.3394E-02  1.2046E-01
   2.971  8.6063E-02 -3.7977E-02    1.4139E-02 -9.6610E-02    1.0469E-02 -9.9406E-02    2.2494E-04 -1.2632E-01   -9.8123E-02 -2.5899E-02   -7.7318E-02  3.2882E-02   -7.3637E-02  1.7935E-02   -5.9189E-02  1.4455E-01
   3.099  6.2723E-02 -6.8862E-02   -2.8260E-02 -1.0241E-01   -2.8743E-02 -9.6588E-02   -5.5695E-02 -1.0139E-01   -1.0632E-01 -4.6255E-03   -9.0867E-02  6.2273E-02   -5.7654E-02  5.7146E-02   -4.0799E-02  1.5927E-01
   3.250  1.1655E-02 -8.9253E-02   -7.5194E-02 -7.4682E-02   -7.1729E-02 -6.2153E-02   -1.1225E-01 -4.0755E-02   -8.4837E-02  2.6468E-02   -7.8426E-02  8.4118E-02   -2.1967E-02  9.1785E-02   -2.9301E-03  1.4884E-01
   3.423 -5.9305E-02 -7.9345E-02   -1.0284E-01 -7.1587E-03   -9.6459E-02  6.7993E-03   -1.3906E-01  5.1405E-02   -2.7274E-02  5.5588E-02   -3.1503E-02  8.3193E-02    3.0849E-02  1.0220E-01    4.9512E-02  9.9210E-02
   3.611 -1.2102E-01 -2.5142E-02   -8.3281E-02  7.8560E-02   -7.7057E-02  8.7778E-02   -1.0365E-01  1.4266E-01    4.9963E-02  6.3087E-02    3.7135E-02  4.8599E-02    8.2826E-02  7.1753E-02    9.5477E-02  1.0557E-02
   3.812 -1.3297E-01  6.5102E-02   -8.8611E-03  1.3418E-01   -6.3820E-03  1.3529E-01   -1.0052E-03  1.7895E-01    1.0834E-01  3.6419E-02    9.2114E-02 -1.3105E-02    1.0503E-01  4.1405E-03    1.0474E-01 -9.1351E-02
   4.020 -6.8469E-02  1.5424E-01    8.8980E-02  1.1613E-01    8.5860E-02  1.0995E-01    1.2510E-01  1.2003E-01    1.1210E-01 -1.3638E-02    9.8498E-02 -7.3736E-02    7.7962E-02 -6.9492E-02    6.1447E-02 -1.6100E-01
   4.230  6.2995E-02  1.9011E-01    1.5349E-01  2.5347E-02    1.4556E-01  1.4922E-02    2.0157E-01 -1.9597E-02    5.9597E-02 -5.7465E-02    5.2875E-02 -1.0042E-01    1.2449E-02 -1.0969E-01   -1.5162E-02 -1.6290E-01
   4.438  2.1461E-01  1.3465E-01    1.4568E-01 -8.8329E-02    1.3536E-01 -1.0005E-01    1.8144E-01 -1.7055E-01   -1.4573E-02 -7.2721E-02   -1.3149E-02 -8.2205E-02   -5.5524E-02 -1.0076E-01   -8.1752E-02 -1.0174E-01
   4.639  3.2505E-01 -1.0676E-02    7.4087E-02 -1.6713E-01    6.3969E-02 -1.7794E-01    8.0473E-02 -2.6038E-01   -7.1673E-02 -6.1647E-02   -6.3352E-02 -3.6769E-02   -9.5015E-02 -6.0081E-02   -1.0755E-01 -1.7405E-02
   4.827  3.5215E-01 -2.0400E-01   -1.9901E-02 -1.8765E-01   -2.7916E-02 -1.9596E-01   -4.4445E-02 -2.6513E-01   -9.7051E-02 -4.0974E-02   -8.4184E-02  9.5315E-03   -1.0093E-01 -1.6051E-02   -9.4531E-02  5.0574E-02
   5.000  2.9331E-01 -3.9043E-01   -9.8891E-02 -1.6385E-01   -1.0387E-01 -1.6872E-01   -1.4482E-01 -2.0994E-01   -9.8323E-02 -2.3623E-02   -8.3097E-02  4.1817E-02   -8.6689E-02  1.4856E-02   -6.3560E-02  8.7581E-02
   5.151  1.7782E-01 -5.3272E-01   -1.4872E-01 -1.2227E-01   -1.5062E-01 -1.2353E-01   -2.0447E-01 -1.3427E-01   -8.8764E-02 -1.3121E-02   -7.2658E-02  5.8961E-02   -6.6997E-02  3.1023E-02   -3.2698E-02  9.9577E-02
   5.279  4.3998E-02 -6.2142E-01   -1.7320E-01 -8.2232E-02   -1.7252E-01 -8.0268E-02   -2.3074E-01 -6.5363E-02   -7.7356E-02 -7.8818E-03   -6.1160E-02  6.5890E-02   -4.9857E-02  3.7348E-02   -9.6048E-03  9.8207E-02
   5.379 -7.7649E-02 -6.6633E-01   -1.8201E-01 -5.1885E-02   -1.7946E-01 -4.7393E-02   -2.3762E-01 -1.4002E-02   -6.7955E-02 -5.5652E-03   -5.1987E-02  6.7599E-02   -3.7580E-02  3.8788E-02    5.1804E-03  9.2282E-02
   5.450 -1.6899E-01 -6.8386E-01   -1.8351E-01 -3.2377E-02   -1.7978E-01 -2.6141E-02   -2.3645E-01  1.8953E-02   -6.1556E-02 -4.6189E-03   -4.5867E-02  6.7320E-02   -2.9901E-02  3.8453E-02    1.3604E-02  8.6515E-02
   5.491 -2.2154E-01 -6.8849E-01   -1.8289E-01 -2.2327E-02   -1.7856E-01 -1.5132E-02   -2.3399E-01  3.5984E-02   -5.8119E-02 -4.2713E-03   -4.2619E-02  6.6745E-02   -2.5983E-02  3.7899E-02    1.7613E-02  8.2911E-02
   5.509 -2.4645E-01 -6.8937E-01   -1.8228E-01 -1.7849E-02   -1.7769E-01 -1.0210E-02   -2.3245E-01  4.3597E-02   -5.6548E-02 -4.1446E-03   -4.1145E-02  6.6386E-02   -2.4240E-02  3.7565E-02    1.9324E-02  8.1153E-02
   5.550 -2.9942E-01 -6.8853E-01   -1.8037E-01 -8.9262E-03   -1.7525E-01 -3.5914E-04   -2.2846E-01  5.8835E-02   -5.3330E-02 -3.9407E-03   -3.8144E-02  6.5467E-02   -2.0764E-02  3.6724E-02    2.2589E-02  7.7340E-02
   5.621 -3.9300E-01 -6.7818E-01   -1.7524E-01  4.9138E-03   -1.6932E-01  1.5070E-02   -2.1940E-01  8.2752E-02   -4.8022E-02 -3.7443E-03   -3.3256E-02  6.3405E-02   -1.5319E-02  3.4899E-02    2.7235E-02  7.0450E-02
   5.721 -5.2182E-01 -6.4534E-01   -1.6519E-01  2.0082E-02   -1.5845E-01  3.2348E-02   -2.0368E-01  1.0976E-01   -4.1421E-02 -3.6764E-03   -2.7303E-02  5.9861E-02   -9.0996E-03  3.1890E-02    3.1595E-02  6.0878E-02
   5.849 -6.7442E-01 -5.7628E-01   -1.4977E-01  3.2338E-02   -1.4251E-01  4.7043E-02   -1.8163E-01  1.3331E-01   -3.4490E-02 -3.6966E-03   -2.1246E-02  5.4857E-02   -3.3570E-03  2.7867E-02    3.4163E-02  4.9699E-02
   6.000 -8.3285E-01 -4.6138E-01   -1.3043E-01  3.8247E-02   -1.2329E-01  5.5506E-02   -1.5616E-01  1.4811E-01   -2.8056E-02 -3.6373E-03   -1.5870E-02  4.8836E-02    1.0282E-03  2.3358E-02    3.4206E-02  3.8422E-02
   6.173 -9.7513E-01 -2.9901E-01   -1.0991E-01  3.6468E-02   -1.0379E-01  5.6187E-02   -1.3167E-01  1.5192E-01   -2.2590E-02 -3.3566E-03   -1.1580E-02  4.2439E-02    3.7704E-03  1.8976E-02    3.1933E-02  2.8409E-02
   6.361 -1.0796E+00 -9.6840E-02   -9.0869E-02  2.7985E-02   -8.6788E-02  4.9876E-02   -1.1208E-01  1.4579E-01   -1.8196E-02 -2.8480E-03   -8.4038E-03  3.6237E-02    5.0793E-03  1.5150E-02    2.8161E-02  2.0402E-02
   6.562 -1.1293E+00  1.2975E-01   -7.4816E-02  1.5239E-02   -7.3728E-02  3.8835E-02   -9.9315E-02  1.3279E-01   -1.4756E-02 -2.2203E-03   -6.1552E-03  3.0592E-02    5.3871E-03  1.2035E-02    2.3816E-02  1.4485E-02
   6.770 -1.1148E+00  3.6102E-01   -6.1886E-02  9.2366E-04   -6.4559E-02  2.5593E-02   -9.3154E-02  1.1629E-01   -1.2083E-02 -1.6055E-03   -4.5952E-03  2.5664E-02    5.1177E-03  9.5945E-03    1.9590E-02  1.0333E-02
   6.980 -1.0355E+00  5.7666E-01   -5.1360E-02 -1.2843E-02   -5.8284E-02  1.2138E-02   -9.1989E-02  9.8812E-02   -1.0003E-02 -1.0914E-03   -3.5161E-03  2.1489E-02    4.5832E-03  7.7112E-03    1.5867E-02  7.4978E-03
   7.188 -8.9975E-01  7.5934E-01   -4.2314E-02 -2.4776E-02   -5.3666E-02 -3.0874E-04   -9.3815E-02  8.1835E-02   -8.3786E-03 -7.0709E-04   -2.7641E-03  1.8032E-02    3.9765E-03  6.2640E-03    1.2784E-02  5.5754E-03
   7.389 -7.2237E-01  8.9751E-01   -3.4064E-02 -3.4314E-02   -4.9714E-02 -1.1153E-02   -9.6890E-02  6.6044E-02   -7.1081E-03 -4.4208E-04   -2.2331E-03  1.5224E-02    3.4006E-03  5.1532E-03    1.0333E-02  4.2650E-03
   7.577 -5.2243E-01  9.8698E-01   -2.6301E-02 -4.1393E-02   -4.5860E-02 -2.0197E-02   -1.0001E-01  5.1716E-02   -6.1158E-03 -2.6952E-04   -1.8527E-03  1.2985E-02    2.9017E-03  4.3028E-03    8.4390E-03  3.3617E-03
   7.750 -3.1949E-01  1.0309E+00   -1.9037E-02 -4.6249E-02   -4.1932E-02 -2.7461E-02   -1.0251E-01  3.8988E-02   -5.3453E-03 -1.6156E-04   -1.5771E-03  1.1229E-02    2.4933E-03  3.6563E-03    7.0058E-03  2.7319E-03
   7.901 -1.3064E-01  1.0381E+00   -1.2461E-02 -4.9278E-02   -3.8030E-02 -3.3077E-02   -1.0416E-01  2.7986E-02   -4.7545E-03 -9.5849E-05   -1.3766E-03  9.8814E-03    2.1729E-03  3.1707E-03    5.9428E-03  2.2902E-03
   8.029  3.1426E-02  1.0212E+00   -6.8193E-03 -5.0941E-02   -3.4393E-02 -3.7232E-02   -1.0502E-01  1.8852E-02   -4.3118E-03 -5.6654E-05   -1.2319E-03  8.8743E-03    1.9314E-03  2.8139E-03    5.1732E-03  1.9821E-03
   8.129  1.5887E-01  9.9306E-01   -2.3267E-03 -5.1695E-02   -3.1298E-02 -4.0137E-02   -1.0531E-01  1.1724E-02   -3.9939E-03 -3.3794E-05   -1.1307E-03  8.1542E-03    1.7583E-03  2.5619E-03    4.6374E-03  1.7725E-03
   8.200  2.4793E-01  9.6549E-01    8.6343E-04 -5.1939E-02   -2.8989E-02 -4.1995E-02   -1.0528E-01  6.7183E-03   -3.7838E-03 -2.1074E-05   -1.0650E-03  7.6807E-03    1.6446E-03  2.3976E-03    4.2922E-03  1.6393E-03
   8.241  2.9746E-01  9.4722E-01    2.6612E-03 -5.1973E-02   -2.7645E-02 -4.2969E-02   -1.0519E-01  3.9113E-03   -3.6706E-03 -1.4984E-05   -1.0299E-03  7.4263E-03    1.5836E-03  2.3098E-03    4.1091E-03  1.5692E-03
   8.259  3.2061E-01  9.3793E-01    3.5079E-03 -5.1963E-02   -2.7002E-02 -4.3410E-02   -1.0512E-01  2.5919E-03   -3.6184E-03 -1.2358E-05   -1.0139E-03  7.3094E-03    1.5556E-03  2.2695E-03    4.0255E-03  1.5374E-03
   8.300  3.6921E-01  9.1683E-01    5.3016E-03 -5.1888E-02   -2.5616E-02 -4.4306E-02   -1.0492E-01 -1.9936E-04   -3.5103E-03 -7.2667E-06   -9.8072E-04  7.0674E-03    1.4977E-03  2.1865E-03    3.8539E-03  1.4721E-03
   8.371  4.5355E-01  8.7479E-01    8.4707E-03 -5.1575E-02   -2.3090E-02 -4.5766E-02   -1.0442E-01 -5.1237E-03   -3.3266E-03  3.1417E-07   -9.2486E-04  6.6580E-03    1.4000E-03  2.0467E-03    3.5673E-03  1.3637E-03
   8.471  5.6762E-01  8.0581E-01    1.2900E-02 -5.0752E-02   -1.9384E-02 -4.7540E-02   -1.0336E-01 -1.2014E-02   -3.0837E-03  8.3466E-06   -8.5186E-04  6.1203E-03    1.2724E-03  1.8644E-03    3.1986E-03  1.2252E-03
   8.599  7.0163E-01  7.0337E-01    1.8391E-02 -4.9086E-02   -1.4481E-02 -4.9299E-02   -1.0138E-01 -2.0618E-02   -2.8014E-03  1.5005E-05   -7.6815E-04  5.5012E-03    1.1268E-03  1.6566E-03    2.7858E-03  1.0710E-03
   8.750  8.4158E-01  5.6263E-01    2.4638E-02 -4.6246E-02   -8.4274E-03 -5.0663E-02   -9.8126E-02 -3.0594E-02   -2.4999E-03  1.9223E-05   -6.7996E-04  4.8481E-03    9.7507E-04  1.4400E-03    2.3651E-03  9.1424E-04
   8.923  9.6989E-01  3.8279E-01    3.1224E-02 -4.1971E-02   -1.3652E-03 -5.1242E-02   -9.3219E-02 -4.1494E-02   -2.1973E-03  2.0825E-05   -5.9258E-04  4.2025E-03    8.2765E-04  1.2288E-03    1.9654E-03  7.6530E-04
   9.111  1.0673E+00  1.6901E-01    3.7635E-02 -3.6133E-02    6.4412E-03 -5.0687E-02   -8.6390E-02 -5.2766E-02   -1.9081E-03  2.0304E-05   -5.1002E-04  3.5959E-03    6.9206E-04  1.0334E-03    1.6064E-03  6.3090E-04
   9.312  1.1161E+00 -6.6851E-02    4.3321E-02 -2.8790E-02    1.4610E-02 -4.8745E-02   -7.7524E-02 -6.3781E-02   -1.6426E-03  1.8441E-05   -4.3499E-04  3.0492E-03    5.7278E-04  8.6017E-04    1.2981E-03  5.1454E-04
   9.520  1.1038E+00 -3.0742E-01    4.7766E-02 -2.0195E-02    2.2680E-02 -4.5304E-02   -6.6712E-02 -7.3885E-02   -1.4067E-03  1.5987E-05   -3.6896E-04  2.5726E-03    4.7153E-04  7.1188E-04    1.0428E-03  4.1709E-04
   9.730  1.0265E+00 -5.3270E-01    5.0586E-02 -1.0784E-02    3.0169E-02 -4.0433E-02   -5.4276E-02 -8.2480E-02   -1.2029E-03  1.3487E-05   -3.1241E-04  2.1686E-03    3.8802E-04  5.8849E-04    8.3714E-04  3.3767E-04
   9.938  8.8990E-01 -7.2417E-01    5.1595E-02 -1.1036E-03    3.6653E-02 -3.4375E-02   -4.0741E-02 -8.9114E-02   -1.0309E-03  1.1249E-05   -2.6511E-04  1.8336E-03    3.2067E-04  4.8817E-04    6.7524E-04  2.7435E-04
  10.139  7.0856E-01 -8.6871E-01    5.0842E-02  8.2713E-03    4.1838E-02 -2.7520E-02   -2.6774E-02 -9.3555E-02   -8.8875E-04  9.3962E-06   -2.2634E-04  1.5613E-03    2.6732E-04  4.0812E-04    5.4995E-04  2.2478E-04
  10.327  5.0237E-01 -9.6111E-01    4.8596E-02  1.6835E-02    4.5599E-02 -2.0340E-02   -1.3090E-02 -9.5832E-02   -7.7334E-04  7.9386E-06   -1.9514E-04  1.3435E-03    2.2570E-04  3.4528E-04    4.5433E-04  1.8655E-04
  10.500  2.9245E-01 -1.0045E+00    4.5292E-02  2.4220E-02    4.7990E-02 -1.3319E-02   -3.6105E-04 -9.6220E-02   -6.8138E-04  6.8304E-06   -1.7048E-04  1.1723E-03    1.9368E-04  2.9671E-04    3.8229E-04  1.5748E-04
  10.651  9.7298E-02 -1.0085E+00    4.1450E-02  3.0233E-02    4.9221E-02 -6.8866E-03    1.0865E-02 -9.5187E-02   -6.0966E-04  6.0101E-06   -1.5139E-04  1.0402E-03    1.6945E-04  2.5983E-04    3.2880E-04  1.3573E-04
  10.779 -6.9565E-02 -9.8695E-01    3.7593E-02  3.4843E-02    4.9599E-02 -1.3787E-03    2.0201E-02 -9.3313E-02   -5.5532E-04  5.4192E-06   -1.3703E-04  9.4114E-04    1.5156E-04  2.3250E-04    2.8991E-04  1.1982E-04
  10.879 -2.0013E-01 -9.5407E-01    3.4188E-02  3.8142E-02    4.9465E-02  2.9766E-03    2.7423E-02 -9.1190E-02   -5.1601E-04  5.0103E-06   -1.2669E-04  8.6999E-04    1.3888E-04  2.1310E-04    2.6271E-04  1.0864E-04
  10.950 -2.9091E-01 -9.2259E-01    3.1600E-02  4.0280E-02    4.9140E-02  6.0463E-03    3.2434E-02 -8.9348E-02   -4.8992E-04  4.7484E-06   -1.1986E-04  8.2303E-04    1.3059E-04  2.0039E-04    2.4509E-04  1.0138E-04
  10.991 -3.4120E-01 -9.0195E-01    3.0081E-02  4.1410E-02    4.8873E-02  7.7666E-03    3.5215E-02 -8.8187E-02   -4.7582E-04  4.6100E-06   -1.1618E-04  7.9774E-04    1.2615E-04  1.9358E-04    2.3572E-04  9.7512E-05
 External wave functions
  10.991 -3.4120E-01 -9.0195E-01    3.0081E-02  4.1410E-02    4.8873E-02  7.7666E-03    3.5215E-02 -8.8187E-02   -4.7582E-04  4.6100E-06   -1.1618E-04  7.9774E-04    1.2615E-04  1.9358E-04    2.3572E-04  9.7512E-05
  11.191 -5.7831E-01 -7.6948E-01    2.1932E-02  4.6170E-02    4.6649E-02  1.6163E-02    4.8506E-02 -8.1107E-02   -4.1145E-04  3.9863E-06   -9.9478E-05  6.8307E-04    1.0625E-04  1.6305E-04    1.9430E-04  8.0377E-05
  11.391 -7.8279E-01 -5.9362E-01    1.3035E-02  4.9356E-02    4.2983E-02  2.4060E-02    6.0574E-02 -7.1986E-02   -3.5598E-04  3.4489E-06   -8.5251E-05  5.8538E-04    8.9609E-05  1.3751E-04    1.6046E-04  6.6378E-05
  11.591 -9.4287E-01 -3.8411E-01    3.6927E-03  5.0852E-02    3.7976E-02  3.1207E-02    7.1088E-02 -6.1017E-02   -3.0817E-04  2.9856E-06   -7.3119E-05  5.0207E-04    7.5670E-05  1.1612E-04    1.3275E-04  5.4916E-05
  11.791 -1.0492E+00 -1.5273E-01   -5.7768E-03  5.0597E-02    3.1775E-02  3.7371E-02    7.9742E-02 -4.8456E-02   -2.6691E-04  2.5860E-06   -6.2764E-05  4.3097E-04    6.3977E-05  9.8176E-05    1.1002E-04  4.5513E-05
  11.991 -1.0956E+00  8.7382E-02   -1.5046E-02  4.8592E-02    2.4566E-02  4.2348E-02    8.6278E-02 -3.4607E-02   -2.3130E-04  2.2409E-06   -5.3916E-05  3.7021E-04    5.4155E-05  8.3103E-05    9.1337E-05  3.7783E-05
  12.191 -1.0789E+00  3.2246E-01   -2.3793E-02  4.4898E-02    1.6571E-02  4.5972E-02    9.0483E-02 -1.9825E-02   -2.0054E-04  1.9429E-06   -4.6350E-05  3.1826E-04    4.5893E-05  7.0424E-05    7.5947E-05  3.1417E-05
  12.391 -9.9993E-01  5.3892E-01   -3.1708E-02  3.9637E-02    8.0431E-03  4.8113E-02    9.2208E-02 -4.5006E-03   -1.7395E-04  1.6853E-06   -3.9874E-05  2.7380E-04    3.8933E-05  5.9744E-05    6.3249E-05  2.6164E-05
  12.591 -8.6302E-01  7.2412E-01   -3.8512E-02  3.2987E-02   -7.4593E-04  4.8693E-02    9.1370E-02  1.0948E-02   -1.5096E-04  1.4626E-06   -3.4327E-05  2.3571E-04    3.3064E-05  5.0738E-05    5.2753E-05  2.1822E-05
  12.791 -6.7590E-01  8.6719E-01   -4.3960E-02  2.5176E-02   -9.5102E-03  4.7680E-02    8.7958E-02  2.6087E-02   -1.3107E-04  1.2699E-06   -2.9571E-05  2.0305E-04    2.8108E-05  4.3133E-05    4.4063E-05  1.8227E-05
  12.991 -4.4931E-01  9.5960E-01   -4.7855E-02  1.6476E-02   -1.7961E-02  4.5099E-02    8.2037E-02  4.0481E-02   -1.1385E-04  1.1030E-06   -2.5491E-05  1.7504E-04    2.3918E-05  3.6704E-05    3.6855E-05  1.5246E-05
  13.191 -1.9639E-01  9.9577E-01   -5.0052E-02  7.1908E-03   -2.5817E-02  4.1025E-02    7.3748E-02  5.3706E-02   -9.8935E-05  9.5852E-07   -2.1988E-05  1.5098E-04    2.0373E-05  3.1262E-05    3.0869E-05  1.2769E-05
Wave function, E=  16.000 entrance channel= 1
 Internal wave functions
   0.009  1.5548E-09 -9.7058E-10    2.3817E-05  3.0673E-05   -4.1362E-10 -1.6138E-09   -6.4953E-14  7.8265E-14    1.2531E-05 -2.0105E-05   -8.0671E-10  5.6819E-10    3.4625E-14  1.4384E-14    5.1715E-15  8.9749E-15
   0.050  1.1724E-06 -7.3191E-07    6.5275E-04  8.3946E-04   -3.1248E-07 -1.2174E-06   -2.8682E-10  6.6445E-10    3.4285E-04 -5.5092E-04   -6.0829E-07  4.2911E-07    3.4074E-10 -1.5184E-11   -1.0988E-13 -1.3100E-13
   0.121  4.0759E-05 -2.5546E-05    3.8126E-03  4.8675E-03   -1.0967E-05 -4.2376E-05   -5.9306E-08  1.3792E-07    1.9855E-03 -3.2158E-03   -2.1170E-05  1.5004E-05    7.0727E-08 -3.2725E-09   -8.8527E-11 -7.9440E-11
   0.221  4.4356E-04 -2.8137E-04    1.2240E-02  1.5301E-02   -1.2252E-04 -4.6271E-04   -2.1792E-06  5.1263E-06    6.2185E-03 -1.0306E-02   -2.3116E-04  1.6585E-04    2.6290E-06 -1.3323E-07   -1.1164E-08 -9.9487E-09
   0.349  2.5329E-03 -1.6494E-03    2.7558E-02  3.2872E-02   -7.3917E-04 -2.6614E-03   -3.1297E-05  7.5389E-05    1.3241E-02 -2.3118E-02   -1.3298E-03  9.7883E-04    3.8667E-05 -2.2971E-06   -4.1522E-07 -3.6463E-07
   0.500  9.2974E-03 -6.3507E-03    4.7115E-02  5.1249E-02   -2.9873E-03 -9.9006E-03   -2.4172E-04  6.0797E-04    2.0223E-02 -3.9289E-02   -4.9483E-03  3.8143E-03    3.1189E-04 -2.3314E-05   -7.1036E-06 -6.0862E-06
   0.673  2.3983E-02 -1.7722E-02    6.1618E-02  5.5869E-02   -8.9518E-03 -2.6130E-02   -1.1690E-03  3.1612E-03    2.0881E-02 -5.0968E-02   -1.3062E-02  1.0856E-02    1.6222E-03 -1.6107E-04   -7.0003E-05 -5.7716E-05
   0.861  4.4903E-02 -3.7524E-02    5.7532E-02  3.2858E-02   -2.0844E-02 -5.0821E-02   -3.8114E-03  1.1585E-02    9.4759E-03 -4.7207E-02   -2.5384E-02  2.3712E-02    5.9482E-03 -8.0929E-04   -4.5179E-04 -3.5211E-04
   1.062  6.0172E-02 -6.1097E-02    2.6605E-02 -1.4090E-02   -3.8259E-02 -7.2786E-02   -8.5760E-03  3.1508E-02   -1.1729E-02 -2.1963E-02   -3.6196E-02  4.0536E-02    1.6193E-02 -3.0590E-03   -2.0675E-03 -1.4896E-03
   1.270  5.1987E-02 -7.5042E-02   -2.2656E-02 -5.6505E-02   -5.4734E-02 -7.2394E-02   -1.2793E-02  6.5519E-02   -2.9382E-02  1.7263E-02   -3.5368E-02  5.3930E-02    3.3725E-02 -8.8902E-03   -7.0714E-03 -4.5789E-03
   1.480  1.3361E-02 -6.3644E-02   -6.3974E-02 -6.0103E-02   -5.8135E-02 -3.7255E-02   -9.6236E-03  1.0568E-01   -2.7799E-02  4.9853E-02   -1.6323E-02  5.3354E-02    5.4525E-02 -2.0204E-02   -1.8760E-02 -1.0525E-02
   1.688 -3.8417E-02 -2.2575E-02   -6.9810E-02 -1.7263E-02   -3.8476E-02  2.1252E-02    7.4839E-03  1.3199E-01   -4.0104E-03  5.5325E-02    1.5212E-02  3.2637E-02    6.8310E-02 -3.6399E-02   -3.9700E-02 -1.8331E-02
   1.889 -7.1096E-02  3.2884E-02   -3.3685E-02  4.2625E-02    1.7069E-03  7.1339E-02    3.6690E-02  1.2357E-01    2.7256E-02  2.9279E-02    4.2431E-02 -3.2924E-03    6.4172E-02 -5.2520E-02   -6.8579E-02 -2.4002E-02
   2.077 -6.3816E-02  7.6263E-02    2.3845E-02  7.8695E-02    4.5842E-02  8.4835E-02    6.5391E-02  7.5311E-02    4.5574E-02 -1.3310E-02    4.9793E-02 -3.9885E-02    3.9120E-02 -6.0962E-02   -9.8713E-02 -2.2219E-02
   2.250 -2.2724E-02  8.8630E-02    7.2006E-02  7.1854E-02    7.4430E-02  5.7856E-02    7.8549E-02  3.2608E-03    4.1109E-02 -5.0392E-02    3.4431E-02 -6.2508E-02    1.1173E-03 -5.6420E-02   -1.2079E-01 -1.0232E-02
   2.401  2.8415E-02  6.9797E-02    9.1905E-02  3.2863E-02    7.8301E-02  8.8294E-03    6.9882E-02 -6.6891E-02    1.9172E-02 -6.8114E-02    5.9317E-03 -6.5425E-02   -3.6568E-02 -3.9653E-02   -1.2836E-01  9.7376E-03
   2.529  6.8449E-02  3.3798E-02    8.4365E-02 -1.4551E-02    6.2029E-02 -3.9250E-02    4.4915E-02 -1.1649E-01   -7.8153E-03 -6.6253E-02   -2.2858E-02 -5.2985E-02   -6.3938E-02 -1.6598E-02   -1.2148E-01  3.1987E-02
   2.629  8.9971E-02 -3.2287E-03    6.2279E-02 -5.2648E-02    3.7343E-02 -7.3150E-02    1.5019E-02 -1.4154E-01   -3.0084E-02 -5.3245E-02   -4.3969E-02 -3.4288E-02   -7.8476E-02  5.7142E-03   -1.0587E-01  5.1032E-02
   2.700  9.7055E-02 -3.1196E-02    3.9384E-02 -7.5881E-02    1.5003E-02 -9.1475E-02   -9.9837E-03 -1.4906E-01   -4.4154E-02 -3.8605E-02   -5.6000E-02 -1.7399E-02   -8.3508E-02  2.2527E-02   -8.9226E-02  6.4074E-02
   2.741  9.7582E-02 -4.6734E-02    2.4462E-02 -8.6609E-02    1.2187E-03 -9.8941E-02   -2.4862E-02 -1.4909E-01   -5.0904E-02 -2.8749E-02   -6.1233E-02 -6.9643E-03   -8.4142E-02  3.1989E-02   -7.7889E-02  7.0888E-02
   2.759  9.6920E-02 -5.3862E-02    1.7046E-02 -9.0938E-02   -5.4694E-03 -1.0165E-01   -3.1959E-02 -1.4800E-01   -5.3712E-02 -2.3780E-02   -6.3249E-02 -1.8932E-03   -8.3862E-02  3.6379E-02   -7.2085E-02  7.3903E-02
   2.800  9.3555E-02 -6.8344E-02    7.2820E-04 -9.8388E-02   -1.9872E-02 -1.0553E-01   -4.6996E-02 -1.4335E-01   -5.8762E-02 -1.2690E-02   -6.6482E-02  9.0539E-03   -8.2017E-02  4.5435E-02   -5.8860E-02  7.9784E-02
   2.871  8.1095E-02 -9.0924E-02   -2.9116E-02 -1.0514E-01   -4.5245E-02 -1.0582E-01   -7.2686E-02 -1.2729E-01   -6.4267E-02  8.1300E-03   -6.8442E-02  2.8482E-02   -7.4543E-02  6.0144E-02   -3.2715E-02  8.8055E-02
   2.971  5.0531E-02 -1.1289E-01   -6.9221E-02 -9.9190E-02   -7.7416E-02 -9.1388E-02   -1.0345E-01 -8.8758E-02   -6.3507E-02  3.7407E-02   -6.2440E-02  5.3641E-02   -5.5294E-02  7.6238E-02    8.3700E-03  9.3581E-02
   3.099 -4.1373E-03 -1.1827E-01   -1.0722E-01 -6.5935E-02   -1.0455E-01 -5.0347E-02   -1.2555E-01 -1.9390E-02   -4.7702E-02  6.7948E-02   -4.0690E-02  7.6461E-02   -1.9110E-02  8.5158E-02    6.2247E-02  8.7514E-02
   3.250 -7.5391E-02 -8.7460E-02   -1.1983E-01  1.0412E-03   -1.0644E-01  1.9486E-02   -1.1689E-01  7.4569E-02   -1.1569E-02  8.4700E-02   -1.1918E-04  8.2925E-02    3.1937E-02  7.4925E-02    1.1733E-01  5.9293E-02
   3.423 -1.3385E-01 -1.0443E-02   -8.2653E-02  8.4392E-02   -6.3682E-02  9.7579E-02   -5.7534E-02  1.6104E-01    3.7705E-02  7.0251E-02    4.9538E-02  5.9101E-02    8.2256E-02  3.6608E-02    1.5028E-01  4.0633E-03
   3.611 -1.3591E-01  9.5580E-02    6.6601E-03  1.3885E-01    2.2496E-02  1.4005E-01    4.8089E-02  1.8759E-01    7.6600E-02  1.9694E-02    8.3836E-02  4.4269E-03    1.0485E-01 -2.4332E-02    1.3418E-01 -6.6361E-02
   3.812 -5.3315E-02  1.8116E-01    1.0984E-01  1.1694E-01    1.1519E-01  1.0594E-01    1.5455E-01  1.1531E-01    7.7855E-02 -4.6057E-02    7.7556E-02 -5.8243E-02    7.8542E-02 -8.1913E-02    5.9483E-02 -1.2020E-01
   4.020  9.4515E-02  1.8652E-01    1.6283E-01  1.4345E-02    1.5627E-01 -1.8305E-03    1.9290E-01 -3.7484E-02    3.5522E-02 -8.8444E-02    2.8631E-02 -9.2763E-02    1.0616E-02 -1.0262E-01   -4.7095E-02 -1.2336E-01
   4.230  2.3835E-01  8.0584E-02    1.2528E-01 -1.1251E-01    1.1121E-01 -1.2461E-01    1.2415E-01 -1.9041E-01   -2.4454E-02 -8.2734E-02   -3.4201E-02 -7.9229E-02   -6.1686E-02 -7.3610E-02   -1.3242E-01 -7.0198E-02
   4.438  2.9696E-01 -1.1236E-01    1.7603E-02 -1.8809E-01    2.1565E-03 -1.9052E-01   -2.0787E-02 -2.5765E-01   -6.6552E-02 -4.0235E-02   -7.5354E-02 -3.2233E-02   -1.0071E-01 -1.6117E-02   -1.5725E-01  6.7347E-03
   4.639  2.2758E-01 -3.2165E-01   -9.8310E-02 -1.7939E-01   -1.1090E-01 -1.7208E-01   -1.6512E-01 -2.1486E-01   -7.6411E-02  6.7449E-03   -8.2169E-02  1.5832E-02   -9.8099E-02  3.5182E-02   -1.2555E-01  6.5563E-02
   4.827  4.9366E-02 -4.7182E-01   -1.7239E-01 -1.1077E-01   -1.8066E-01 -9.7030E-02   -2.4987E-01 -1.0514E-01   -6.4278E-02  3.6021E-02   -6.6565E-02  4.4373E-02   -7.1705E-02  6.1573E-02   -7.0378E-02  8.8596E-02
   5.000 -1.7729E-01 -5.2487E-01   -1.9464E-01 -2.7648E-02   -1.9896E-01 -1.1187E-02   -2.6686E-01  1.1097E-02   -4.6361E-02  4.5868E-02   -4.5639E-02  5.3019E-02   -4.2274E-02  6.5860E-02   -2.0819E-02  8.4349E-02
   5.151 -3.9197E-01 -4.9004E-01   -1.8250E-01  3.9582E-02   -1.8393E-01  5.6244E-02   -2.4132E-01  9.8428E-02   -3.1733E-02  4.4522E-02   -2.8727E-02  5.0589E-02   -1.9956E-02  5.9107E-02    1.2334E-02  6.8869E-02
   5.279 -5.6019E-01 -4.0345E-01   -1.5731E-01  8.2795E-02   -1.5690E-01  9.8505E-02   -2.0161E-01  1.5093E-01   -2.2247E-02  3.9493E-02   -1.7644E-02  4.4719E-02   -5.9153E-03  4.9868E-02    3.0809E-02  5.2941E-02
   5.379 -6.7432E-01 -3.0382E-01   -1.3273E-01  1.0637E-01   -1.3128E-01  1.2089E-01   -1.6518E-01  1.7735E-01   -1.6769E-02  3.4610E-02   -1.1122E-02  3.9226E-02    2.0409E-03  4.2068E-02    3.9848E-02  4.0755E-02
   5.450 -7.4203E-01 -2.1988E-01   -1.1464E-01  1.1755E-01   -1.1266E-01  1.3110E-01   -1.3904E-01  1.8856E-01   -1.3847E-02  3.1139E-02   -7.5714E-03  3.5348E-02    6.2093E-03  3.6772E-02    4.3802E-02  3.2904E-02
   5.491 -7.7482E-01 -1.6863E-01   -1.0458E-01  1.2198E-01   -1.0236E-01  1.3496E-01   -1.2468E-01  1.9240E-01   -1.2501E-02  2.9260E-02   -5.9105E-03  3.3247E-02    8.0950E-03  3.3951E-02    4.5285E-02  2.8846E-02
   5.509 -7.8887E-01 -1.4363E-01   -9.9912E-02  1.2362E-01   -9.7598E-02  1.3634E-01   -1.1806E-01  1.9364E-01   -1.1935E-02  2.8402E-02   -5.2046E-03  3.2286E-02    8.8795E-03  3.2671E-02    4.5820E-02  2.7032E-02
   5.550 -8.1561E-01 -8.9067E-02   -9.0252E-02  1.2624E-01   -8.7769E-02  1.3838E-01   -1.0442E-01  1.9515E-01   -1.0862E-02  2.6652E-02   -3.8563E-03  3.0321E-02    1.0341E-02  3.0069E-02    4.6644E-02  2.3398E-02
   5.621 -8.5256E-01  1.1818E-02   -7.4131E-02  1.2822E-01   -7.1449E-02  1.3936E-01   -8.1857E-02  1.9448E-01   -9.3412E-03  2.3812E-02   -1.9065E-03  2.7110E-02    1.2335E-02  2.5856E-02    4.7208E-02  1.7679E-02
   5.721 -8.8152E-01  1.5961E-01   -5.4172E-02  1.2615E-01   -5.1396E-02  1.3595E-01   -5.4260E-02  1.8762E-01   -7.8433E-03  2.0426E-02    7.3386E-05  2.3221E-02    1.4106E-02  2.0812E-02    4.6511E-02  1.1136E-02
   5.849 -8.7965E-01  3.4793E-01   -3.4298E-02  1.1755E-01   -3.1659E-02  1.2586E-01   -2.7216E-02  1.7212E-01   -6.6863E-03  1.7168E-02    1.6599E-03  1.9358E-02    1.5107E-02  1.5854E-02    4.4016E-02  5.1414E-03
   6.000 -8.2499E-01  5.6007E-01   -1.8586E-02  1.0225E-01   -1.6371E-02  1.0915E-01   -6.3647E-03  1.4867E-01   -5.9250E-03  1.4575E-02    2.7163E-03  1.6095E-02    1.5196E-02  1.1713E-02    3.9907E-02  6.7521E-04
   6.173 -7.0308E-01  7.6965E-01   -9.6156E-03  8.2385E-02   -8.0959E-03  8.8166E-02    4.8032E-03  1.2082E-01   -5.4391E-03  1.2840E-02    3.3253E-03  1.3669E-02    1.4558E-02  8.6896E-03    3.4866E-02 -1.9785E-03
   6.361 -5.1196E-01  9.4539E-01   -7.5268E-03  6.1155E-02   -6.9095E-03  6.6196E-02    6.1107E-03  9.3072E-02   -5.0942E-03  1.1831E-02    3.6306E-03  1.1996E-02    1.3483E-02  6.6854E-03    2.9645E-02 -3.1222E-03
   6.562 -2.6358E-01  1.0581E+00   -1.0402E-02  4.1265E-02   -1.0822E-02  4.5901E-02    8.8557E-05  6.8721E-02   -4.8265E-03  1.1275E-02    3.7371E-03  1.0840E-02    1.2214E-02  5.4089E-03    2.4779E-02 -3.2981E-03
   6.770  1.8482E-02  1.0876E+00   -1.5494E-02  2.4153E-02   -1.7028E-02  2.8584E-02   -9.6731E-03  4.9049E-02   -4.6287E-03  1.0925E-02    3.7037E-03  9.9795E-03    1.0910E-02  4.5733E-03    2.0531E-02 -2.9944E-03
   6.980  3.0406E-01  1.0270E+00   -2.0391E-02  1.0120E-02   -2.3070E-02  1.4381E-02   -2.0005E-02  3.3697E-02   -4.5064E-03  1.0631E-02    3.5708E-03  9.2744E-03    9.6631E-03  3.9819E-03    1.6973E-02 -2.5299E-03
   7.188  5.6296E-01  8.8417E-01   -2.3608E-02 -1.1295E-03   -2.7412E-02  2.8590E-03   -2.8853E-02  2.1587E-02   -4.4544E-03  1.0332E-02    3.3763E-03  8.6594E-03    8.5306E-03  3.5267E-03    1.4076E-02 -2.0689E-03
   7.389  7.7137E-01  6.7975E-01   -2.4623E-02 -1.0022E-02   -2.9476E-02 -6.4850E-03   -3.5289E-02  1.1676E-02   -4.4567E-03  1.0018E-02    3.1552E-03  8.1139E-03    7.5429E-03  3.1568E-03    1.1766E-02 -1.6765E-03
   7.577  9.1637E-01  4.4169E-01   -2.3618E-02 -1.6905E-02   -2.9385E-02 -1.4009E-02   -3.9199E-02  3.2865E-03   -4.4939E-03  9.7027E-03    2.9349E-03  7.6358E-03    6.7108E-03  2.8505E-03    9.9576E-03 -1.3670E-03
   7.750  9.9738E-01  1.9887E-01   -2.1161E-02 -2.2044E-02   -2.7661E-02 -1.9930E-02   -4.0942E-02 -3.8849E-03   -4.5493E-03  9.4021E-03    2.7335E-03  7.2272E-03    6.0312E-03  2.5983E-03    8.5644E-03 -1.1333E-03
   7.901  1.0243E+00 -2.4510E-02   -1.7939E-02 -2.5681E-02   -2.4972E-02 -2.4409E-02   -4.1095E-02 -9.9074E-03   -4.6103E-03  9.1313E-03    2.5606E-03  6.8894E-03    5.4926E-03  2.3948E-03    7.5107E-03 -9.6196E-04
   8.029  1.0137E+00 -2.1214E-01   -1.4590E-02 -2.8083E-02   -2.1968E-02 -2.7621E-02   -4.0280E-02 -1.4762E-02   -4.6682E-03  8.9014E-03    2.4204E-03  6.6213E-03    5.0805E-03  2.2362E-03    6.7334E-03 -8.3967E-04
   8.129  9.8402E-01 -3.5587E-01   -1.1618E-02 -2.9538E-02   -1.9191E-02 -2.9774E-02   -3.9069E-02 -1.8433E-02   -4.7171E-03  8.7198E-03    2.3139E-03  6.4204E-03    4.7806E-03  2.1188E-03    6.1832E-03 -7.5566E-04
   8.200  9.5190E-01 -4.5375E-01   -9.3722E-03 -3.0330E-02   -1.7036E-02 -3.1086E-02   -3.7928E-02 -2.0935E-02   -4.7532E-03  8.5914E-03    2.2408E-03  6.2838E-03    4.5809E-03  2.0396E-03    5.8240E-03 -7.0209E-04
   8.241  9.2987E-01 -5.0711E-01   -8.0631E-03 -3.0688E-02   -1.5761E-02 -3.1746E-02   -3.7185E-02 -2.2306E-02   -4.7740E-03  8.5192E-03    2.2005E-03  6.2088E-03    4.4727E-03  1.9964E-03    5.6319E-03 -6.7387E-04
   8.259  9.1852E-01 -5.3175E-01   -7.4366E-03 -3.0835E-02   -1.5146E-02 -3.2037E-02   -3.6812E-02 -2.2942E-02   -4.7839E-03  8.4852E-03    2.1817E-03  6.1739E-03    4.4228E-03  1.9763E-03    5.5438E-03 -6.6105E-04
   8.300  8.9244E-01 -5.8284E-01   -6.0898E-03 -3.1099E-02   -1.3813E-02 -3.2609E-02   -3.5969E-02 -2.4268E-02   -4.8052E-03  8.4131E-03    2.1423E-03  6.1010E-03    4.3191E-03  1.9346E-03    5.3620E-03 -6.3478E-04
   8.371  8.3969E-01 -6.6916E-01   -3.6504E-03 -3.1407E-02   -1.1365E-02 -3.3477E-02   -3.4313E-02 -2.6539E-02   -4.8436E-03  8.2856E-03    2.0739E-03  5.9750E-03    4.1422E-03  1.8628E-03    5.0557E-03 -5.9122E-04
   8.471  7.5182E-01 -7.8028E-01   -1.3021E-04 -3.1492E-02   -7.7541E-03 -3.4369E-02   -3.1644E-02 -2.9551E-02   -4.8992E-03  8.1063E-03    1.9805E-03  5.8044E-03    3.9073E-03  1.7663E-03    4.6559E-03 -5.3571E-04
   8.599  6.2023E-01 -8.9998E-01    4.3765E-03 -3.1008E-02   -2.9955E-03 -3.4923E-02   -2.7753E-02 -3.2995E-02   -4.9717E-03  7.8806E-03    1.8673E-03  5.6002E-03    3.6327E-03  1.6520E-03    4.1993E-03 -4.7428E-04
   8.750  4.3970E-01 -1.0065E+00    9.6416E-03 -2.9585E-02    2.7744E-03 -3.4719E-02   -2.2498E-02 -3.6455E-02   -5.0603E-03  7.6151E-03    1.7401E-03  5.3744E-03    3.3376E-03  1.5273E-03    3.7219E-03 -4.1240E-04
   8.923  2.1230E-01 -1.0748E+00    1.5276E-02 -2.6899E-02    9.2542E-03 -3.3347E-02   -1.5868E-02 -3.9431E-02   -5.1635E-03  7.3174E-03    1.6045E-03  5.1393E-03    3.0394E-03  1.3994E-03    3.2542E-03 -3.5420E-04
   9.111 -4.9940E-02 -1.0810E+00    2.0751E-02 -2.2759E-02    1.5974E-02 -3.0488E-02   -8.0363E-03 -4.1390E-02   -5.2792E-03  6.9953E-03    1.4655E-03  4.9057E-03    2.7520E-03  1.2746E-03    2.8185E-03 -3.0215E-04
   9.312 -3.2483E-01 -1.0079E+00    2.5463E-02 -1.7183E-02    2.2340E-02 -2.6002E-02    6.1954E-04 -4.1852E-02   -5.4044E-03  6.6564E-03    1.3269E-03  4.6823E-03    2.4853E-03  1.1577E-03    2.4284E-03 -2.5728E-04
   9.520 -5.8332E-01 -8.5105E-01    2.8850E-02 -1.0431E-02    2.7733E-02 -1.9991E-02    9.5526E-03 -4.0493E-02   -5.5357E-03  6.3079E-03    1.1915E-03  4.4753E-03    2.2451E-03  1.0518E-03    2.0899E-03 -2.1959E-04
   9.730 -7.9579E-01 -6.2094E-01    3.0514E-02 -2.9842E-03    3.1627E-02 -1.2809E-02    1.8125E-02 -3.7226E-02   -5.6691E-03  5.9567E-03    1.0616E-03  4.2884E-03    2.0341E-03  9.5859E-04    1.8034E-03 -1.8849E-04
   9.938 -9.3941E-01 -3.4164E-01    3.0306E-02  4.5471E-03    3.3700E-02 -5.0041E-03    2.5722E-02 -3.2236E-02   -5.8001E-03  5.6095E-03    9.3864E-04  4.1232E-03    1.8522E-03  8.7858E-04    1.5656E-03 -1.6312E-04
  10.139 -1.0038E+00 -4.4920E-02    2.8367E-02  1.1553E-02    3.3907E-02  2.7905E-03    3.1871E-02 -2.5955E-02   -5.9247E-03  5.2732E-03    8.2410E-04  3.9800E-03    1.6983E-03  8.1133E-04    1.3714E-03 -1.4264E-04
  10.327 -9.9283E-01  2.3760E-01    2.5078E-02  1.7551E-02    3.2473E-02  9.9894E-03    3.6327E-02 -1.8971E-02   -6.0389E-03  4.9549E-03    7.1925E-04  3.8579E-03    1.5701E-03  7.5590E-04    1.2152E-03 -1.2624E-04
  10.500 -9.2268E-01  4.8155E-01    2.0973E-02  2.2265E-02    2.9835E-02  1.6161E-02    3.9101E-02 -1.1915E-02   -6.1399E-03  4.6619E-03    6.2540E-04  3.7558E-03    1.4653E-03  7.1112E-04    1.0913E-03 -1.1326E-04
  10.651 -8.1633E-01  6.7373E-01    1.6623E-02  2.5653E-02    2.6538E-02  2.1081E-02    4.0434E-02 -5.3513E-03   -6.2256E-03  4.4013E-03    5.4385E-04  3.6723E-03    1.3815E-03  6.7578E-04    9.9494E-04 -1.0316E-04
  10.779 -6.9801E-01  8.1214E-01    1.2536E-02  2.7860E-02    2.3131E-02  2.4728E-02    4.0711E-02  2.9008E-04   -6.2949E-03  4.1801E-03    4.7589E-04  3.6061E-03    1.3164E-03  6.4875E-04    9.2195E-04 -9.5491E-05
  10.879 -5.8875E-01  9.0303E-01    9.1065E-03  2.9148E-02    2.0087E-02  2.7227E-02    4.0379E-02  4.7374E-03   -6.3474E-03  4.0045E-03    4.2265E-04  3.5564E-03    1.2684E-03  6.2905E-04    8.6911E-04 -8.9925E-05
  10.950 -5.0419E-01  9.5651E-01    6.5973E-03  2.9807E-02    1.7766E-02  2.8774E-02    3.9850E-02  7.8532E-03   -6.3833E-03  3.8794E-03    3.8513E-04  3.5225E-03    1.2360E-03  6.1591E-04    8.3401E-04 -8.6220E-05
  10.991 -4.5424E-01  9.8245E-01    5.1610E-03  3.0084E-02    1.6404E-02  2.9561E-02    3.9445E-02  9.5895E-03   -6.4031E-03  3.8087E-03    3.6403E-04  3.5037E-03    1.2183E-03  6.0879E-04    8.1502E-04 -8.4211E-05
 External wave functions
  10.991 -4.5424E-01  9.8245E-01    5.1610E-03  3.0084E-02    1.6404E-02  2.9561E-02    3.9445E-02  9.5895E-03   -6.4031E-03  3.8087E-03    3.6403E-04  3.5037E-03    1.2183E-03  6.0879E-04    8.1502E-04 -8.4211E-05
  11.191 -1.8671E-01  1.0636E+00   -2.1149E-03  3.0426E-02    9.1396E-03  3.2500E-02    3.6312E-02  1.7910E-02   -6.4965E-03  3.4526E-03    2.5915E-04  3.4141E-03    1.1357E-03  5.7605E-04    7.2801E-04 -7.4987E-05
  11.391  9.5611E-02  1.0605E+00   -9.2700E-03  2.9031E-02    1.3829E-03  3.3688E-02    3.1430E-02  2.5367E-02   -6.5799E-03  3.0913E-03    1.5470E-04  3.3301E-03    1.0615E-03  5.4759E-04    6.5246E-04 -6.6944E-05
  11.591  3.7031E-01  9.7290E-01   -1.5894E-02  2.5976E-02   -6.4484E-03  3.3051E-02    2.5019E-02  3.1589E-02   -6.6520E-03  2.7246E-03    5.0466E-05  3.2507E-03    9.9467E-04  5.2292E-04    5.8669E-04 -5.9903E-05
  11.791  6.1543E-01  8.0767E-01   -2.1606E-02  2.1430E-02   -1.3928E-02  3.0615E-02    1.7378E-02  3.6258E-02   -6.7116E-03  2.3529E-03   -5.3706E-05  3.1749E-03    9.3425E-04  5.0162E-04    5.2926E-04 -5.3714E-05
  11.991  8.1123E-01  5.7773E-01   -2.6074E-02  1.5650E-02   -2.0646E-02  2.6503E-02    8.8772E-03  3.9129E-02   -6.7574E-03  1.9763E-03   -1.5792E-04  3.1017E-03    8.7944E-04  4.8334E-04    4.7898E-04 -4.8251E-05
  12.191  9.4183E-01  3.0137E-01   -2.9037E-02  8.9669E-03   -2.6228E-02  2.0935E-02   -6.7325E-05  4.0044E-02   -6.7882E-03  1.5953E-03   -2.6221E-04  3.0302E-03    8.2955E-04  4.6776E-04    4.3484E-04 -4.3408E-05
  12.391  9.9650E-01  7.3278E-04   -3.0320E-02  1.7652E-03   -3.0362E-02  1.4212E-02   -9.0078E-03  3.8940E-02   -6.8029E-03  1.2106E-03   -3.6659E-04  2.9597E-03    7.8395E-04  4.5460E-04    3.9601E-04 -3.9093E-05
  12.591  9.7061E-01 -2.9995E-01   -2.9843E-02 -5.5387E-03   -3.2813E-02  6.7007E-03   -1.7490E-02  3.5859E-02   -6.8005E-03  8.2287E-04   -4.7100E-04  2.8895E-03    7.4209E-04  4.4362E-04    3.6176E-04 -3.5231E-05
  12.791  8.6603E-01 -5.7631E-01   -2.7630E-02 -1.2520E-02   -3.3437E-02 -1.1832E-03   -2.5077E-02  3.0943E-02   -6.7800E-03  4.3292E-04   -5.7533E-04  2.8189E-03    7.0351E-04  4.3458E-04    3.3149E-04 -3.1756E-05
  12.991  6.9107E-01 -8.0582E-01   -2.3806E-02 -1.8772E-02   -3.2193E-02 -9.0007E-03   -3.1372E-02  2.4433E-02   -6.7405E-03  4.1777E-05   -6.7946E-04  2.7473E-03    6.6778E-04  4.2731E-04    3.0467E-04 -2.8612E-05
  13.191  4.5980E-01 -9.6965E-01   -1.8592E-02 -2.3926E-02   -2.9143E-02 -1.6313E-02   -3.6039E-02  1.6657E-02   -6.6812E-03 -3.4948E-04   -7.8319E-04  2.6741E-03    6.3452E-04  4.2161E-04    2.8085E-04 -2.5751E-05
Wave function, E=  20.000 entrance channel= 1
 Internal wave functions
   0.009  1.1927E-09 -2.1322E-09    4.1139E-05  1.7350E-05   -1.4540E-09 -1.4023E-09   -1.9683E-15  1.3835E-13    5.3959E-07 -2.4756E-05   -4.4010E-10  9.4721E-10    4.6875E-14 -8.6406E-15    1.2950E-14  4.6638E-15
   0.050  8.9924E-07 -1.6078E-06    1.1266E-03  4.7423E-04   -1.0972E-06 -1.0575E-06    1.4254E-10  8.6989E-10    1.4314E-05 -6.7801E-04   -3.3146E-07  7.1482E-07    3.2542E-10 -2.0103E-10   -2.0764E-13 -5.7353E-14
   0.121  3.1185E-05 -5.5993E-05    6.5558E-03  2.7323E-03   -3.8269E-05 -3.6738E-05    2.9844E-08  1.8039E-07    6.9383E-05 -3.9464E-03   -1.1494E-05  2.4933E-05    6.7467E-08 -4.1842E-08   -1.3794E-10 -2.7803E-11
   0.221  3.3680E-04 -6.1260E-04    2.0822E-02  8.4279E-03   -4.2025E-04 -3.9894E-04    1.1343E-06  6.6829E-06    9.2101E-05 -1.2545E-02   -1.2429E-04  2.7378E-04    2.4994E-06 -1.5655E-06   -1.7349E-08 -3.4291E-09
   0.349  1.8912E-03 -3.5395E-03    4.5783E-02  1.7315E-02   -2.4468E-03 -2.2672E-03    1.7425E-05  9.7626E-05   -4.2814E-04 -2.7637E-02   -7.0024E-04  1.5939E-03    3.6515E-05 -2.3318E-05   -6.4117E-07 -1.2189E-07
   0.500  6.7216E-03 -1.3278E-02    7.4829E-02  2.4423E-02   -9.3055E-03 -8.2466E-03    1.5103E-04  7.7797E-04   -2.7532E-03 -4.5351E-02   -2.5038E-03  6.0615E-03    2.9104E-04 -1.9219E-04   -1.0853E-05 -1.9261E-06
   0.673  1.6355E-02 -3.5541E-02    9.0067E-02  2.0396E-02   -2.5466E-02 -2.0930E-02    8.7110E-04  3.9685E-03   -8.2548E-03 -5.5042E-02   -6.1482E-03  1.6596E-02    1.4849E-03 -1.0336E-03   -1.0522E-04 -1.6621E-05
   0.861  2.7495E-02 -7.0698E-02    7.0524E-02 -5.7161E-04   -5.2413E-02 -3.8070E-02    3.6481E-03  1.4133E-02   -1.6060E-02 -4.4029E-02   -1.0447E-02  3.4220E-02    5.2876E-03 -3.9742E-03   -6.6343E-04 -8.6146E-05
   1.062  2.9282E-02 -1.0502E-01    1.1898E-02 -2.9215E-02   -8.2018E-02 -4.8227E-02    1.1620E-02  3.6891E-02   -2.0768E-02 -9.2142E-03   -1.1137E-02  5.3829E-02    1.3788E-02 -1.1530E-02   -2.9422E-03 -2.6918E-04
   1.270  1.0295E-02 -1.1173E-01   -5.8702E-02 -4.1502E-02   -9.5123E-02 -3.5899E-02    2.8838E-02  7.2396E-02   -1.4686E-02  3.3964E-02   -3.1467E-03  6.3260E-02    2.6967E-02 -2.6065E-02   -9.6655E-03 -3.9849E-04
   1.480 -2.6115E-02 -7.0328E-02   -9.5146E-02 -1.9503E-02   -7.2838E-02  2.3106E-03    5.6428E-02  1.0747E-01    4.2960E-03  5.8194E-02    1.3357E-02  5.0308E-02    3.9659E-02 -4.6780E-02   -2.4391E-02  5.5558E-04
   1.688 -5.6351E-02  9.5779E-03   -6.9136E-02  2.6026E-02   -1.4942E-02  4.6872E-02    8.7385E-02  1.1806E-01    2.6872E-02  4.5504E-02    2.9452E-02  1.4149E-02    4.2455E-02 -6.7197E-02   -4.8582E-02  5.0050E-03
   1.889 -5.4279E-02  8.7694E-02    3.5896E-03  6.0825E-02    5.3588E-02  6.7363E-02    1.0645E-01  8.6568E-02    3.7591E-02  3.2273E-03    3.2898E-02 -3.0369E-02    2.8432E-02 -7.6940E-02   -7.8045E-02  1.5881E-02
   2.077 -1.5905E-02  1.2215E-01    7.6470E-02  5.7982E-02    9.8576E-02  4.8427E-02    9.9072E-02  1.9074E-02    2.7798E-02 -4.2256E-02    1.8627E-02 -6.2046E-02    3.6542E-05 -6.8209E-02   -1.0295E-01  3.4106E-02
   2.250  3.7252E-02  1.0007E-01    1.1026E-01  1.9895E-02    1.0113E-01  1.6081E-03    6.2751E-02 -5.7035E-02    2.4990E-03 -6.6955E-02   -6.9394E-03 -6.8142E-02   -3.1641E-02 -4.1657E-02   -1.1319E-01  5.6618E-02
   2.401  7.8164E-02  4.0720E-02    9.7399E-02 -2.9666E-02    6.7408E-02 -4.7636E-02    9.3270E-03 -1.1322E-01   -2.5327E-02 -6.4298E-02   -3.1900E-02 -5.0950E-02   -5.4859E-02 -5.9885E-03   -1.0496E-01  7.7543E-02
   2.529  9.4020E-02 -2.5368E-02    5.6134E-02 -6.8274E-02    1.8315E-02 -8.0462E-02   -4.3825E-02 -1.3738E-01   -4.5229E-02 -4.3294E-02   -4.7871E-02 -2.2426E-02   -6.4529E-02  2.8040E-02   -8.2677E-02  9.1866E-02
   2.629  8.9090E-02 -7.7054E-02    1.0121E-02 -8.8039E-02   -2.6745E-02 -9.3331E-02   -8.4422E-02 -1.3552E-01   -5.4476E-02 -1.7468E-02   -5.3699E-02  5.3538E-03   -6.3133E-02  5.3505E-02   -5.5369E-02  9.8272E-02
   2.700  7.5555E-02 -1.0841E-01   -2.5434E-02 -9.3418E-02   -5.8138E-02 -9.3330E-02   -1.0918E-01 -1.2205E-01   -5.6243E-02  3.5460E-03   -5.3182E-02  2.5609E-02   -5.6831E-02  6.8929E-02   -3.1671E-02  9.9032E-02
   2.741  6.4433E-02 -1.2297E-01   -4.5291E-02 -9.2825E-02   -7.4569E-02 -8.9734E-02   -1.2082E-01 -1.1012E-01   -5.5286E-02  1.5684E-02   -5.1061E-02  3.6599E-02   -5.1363E-02  7.6197E-02   -1.7084E-02  9.7816E-02
   2.759  5.8384E-02 -1.2888E-01   -5.4401E-02 -9.1603E-02   -8.1835E-02 -8.7135E-02   -1.2560E-01 -1.0348E-01   -5.4333E-02  2.1362E-02   -4.9602E-02  4.1572E-02   -4.8328E-02  7.9198E-02   -9.9724E-03  9.6798E-02
   2.800  4.3996E-02 -1.3918E-01   -7.2878E-02 -8.7001E-02   -9.5981E-02 -7.9742E-02   -1.3408E-01 -8.7360E-02   -5.1251E-02  3.3128E-02   -4.5545E-02  5.1529E-02   -4.0976E-02  8.4563E-02    5.4844E-03  9.3650E-02
   2.871  1.4137E-02 -1.4911E-01   -1.0144E-01 -7.2286E-02   -1.1582E-01 -6.0712E-02   -1.4278E-01 -5.2827E-02   -4.2350E-02  5.2246E-02   -3.5309E-02  6.6547E-02   -2.5216E-02  9.0355E-02    3.3498E-02  8.4633E-02
   2.971 -3.3612E-02 -1.4311E-01   -1.2833E-01 -3.8926E-02   -1.2941E-01 -2.3206E-02   -1.3936E-01  4.9664E-03   -2.3243E-02  7.2736E-02   -1.5294E-02  7.9978E-02    1.3481E-03  8.9422E-02    7.1839E-02  6.4308E-02
   3.099 -9.2445E-02 -1.0159E-01   -1.3260E-01  1.7124E-02   -1.1819E-01  3.4002E-02   -1.0689E-01  8.1644E-02    8.0830E-03  8.2782E-02    1.5472E-02  8.0636E-02    3.7267E-02  7.2114E-02    1.1199E-01  2.6922E-02
   3.250 -1.3842E-01 -1.3518E-02   -9.1064E-02  8.4164E-02   -6.4830E-02  9.6459E-02   -3.2600E-02  1.5336E-01    4.5567E-02  6.7639E-02    5.0245E-02  5.6578E-02    7.2555E-02  3.1163E-02    1.3641E-01 -2.8428E-02
   3.423 -1.3345E-01  1.0420E-01    1.5025E-03  1.2835E-01    2.9086E-02  1.3019E-01    7.4971E-02  1.7670E-01    7.1902E-02  2.0608E-02    7.2255E-02  5.2899E-03    8.8099E-02 -2.9190E-02    1.2247E-01 -9.0193E-02
   3.611 -4.9389E-02  1.9750E-01    1.1095E-01  1.0849E-01    1.2699E-01  9.8278E-02    1.7238E-01  1.1274E-01    6.6094E-02 -4.3299E-02    6.2475E-02 -5.5596E-02    6.5744E-02 -8.6320E-02    5.7739E-02 -1.3120E-01
   3.812  9.6645E-02  1.9784E-01    1.7020E-01  1.4018E-02    1.6755E-01 -2.8992E-03    1.9491E-01 -3.0556E-02    2.2712E-02 -8.8064E-02    1.7567E-02 -9.1876E-02    6.9727E-03 -1.0712E-01   -4.0665E-02 -1.2090E-01
   4.020  2.3097E-01  7.2260E-02    1.2812E-01 -1.0750E-01    1.1028E-01 -1.2150E-01    1.0559E-01 -1.7925E-01   -3.5158E-02 -8.2803E-02   -3.9062E-02 -7.8136E-02   -5.8585E-02 -7.3805E-02   -1.2518E-01 -5.2677E-02
   4.230  2.6147E-01 -1.3982E-01    1.7296E-03 -1.7696E-01   -2.0557E-02 -1.8041E-01   -5.9525E-02 -2.3801E-01   -7.1329E-02 -3.2326E-02   -7.2931E-02 -2.3782E-02   -9.3077E-02 -5.0332E-03   -1.5013E-01  4.0005E-02
   4.438  1.4190E-01 -3.4123E-01   -1.3147E-01 -1.5067E-01   -1.4832E-01 -1.4218E-01   -2.0853E-01 -1.6983E-01   -6.9332E-02  2.6351E-02   -6.9391E-02  3.3880E-02   -8.3363E-02  5.7303E-02   -1.1064E-01  1.0630E-01
   4.639 -9.3112E-02 -4.3561E-01   -2.0064E-01 -5.4411E-02   -2.0801E-01 -3.7961E-02   -2.6798E-01 -2.4180E-02   -4.2984E-02  6.0394E-02   -4.2621E-02  6.4789E-02   -4.7919E-02  8.4914E-02   -4.2015E-02  1.2071E-01
   4.827 -3.5417E-01 -3.8432E-01   -1.9236E-01  5.1314E-02   -1.9137E-01  7.0264E-02   -2.3365E-01  1.1679E-01   -1.5225E-02  6.4862E-02   -1.4897E-02  6.6524E-02   -1.2571E-02  8.0081E-02    1.7515E-02  9.5790E-02
   5.000 -5.5834E-01 -2.1768E-01   -1.3868E-01  1.2455E-01   -1.3247E-01  1.4211E-01   -1.5070E-01  2.0421E-01    2.3309E-03  5.3106E-02    2.7347E-03  5.3252E-02    1.0339E-02  6.0608E-02    5.2850E-02  5.8303E-02
   5.151 -6.7020E-01 -6.2306E-04   -7.6827E-02  1.5827E-01   -6.8211E-02  1.7281E-01   -6.5150E-02  2.3634E-01    1.0045E-02  3.8274E-02    1.0737E-02  3.7858E-02    2.1528E-02  4.0748E-02    6.7939E-02  2.6034E-02
   5.279 -7.0015E-01  2.0832E-01   -2.7152E-02  1.6492E-01   -1.7852E-02  1.7640E-01    1.7206E-04  2.3416E-01    1.2200E-02  2.6443E-02    1.3269E-02  2.5948E-02    2.5845E-02  2.6040E-02    7.1794E-02  4.0967E-03
   5.379 -6.8049E-01  3.7545E-01    5.7739E-03  1.5917E-01    1.4974E-02  1.6823E-01    4.2009E-02  2.1861E-01    1.2160E-02  1.8658E-02    1.3571E-02  1.8256E-02    2.7104E-02  1.6724E-02    7.1105E-02 -8.9630E-03
   5.450 -6.4457E-01  4.8940E-01    2.4717E-02  1.5088E-01    3.3605E-02  1.5834E-01    6.5427E-02  2.0266E-01    1.1609E-02  1.4142E-02    1.3270E-02  1.3853E-02    2.7290E-02  1.1437E-02    6.9376E-02 -1.6005E-02
   5.491 -6.1684E-01  5.5075E-01    3.3696E-02  1.4510E-01    4.2343E-02  1.5171E-01    7.6296E-02  1.9249E-01    1.1192E-02  1.1962E-02    1.2991E-02  1.1747E-02    2.7230E-02  8.9158E-03    6.8105E-02 -1.9235E-02
   5.509 -6.0201E-01  5.7877E-01    3.7501E-02  1.4215E-01    4.6023E-02  1.4839E-01    8.0843E-02  1.8748E-01    1.0980E-02  1.1023E-02    1.2843E-02  1.0844E-02    2.7172E-02  7.8364E-03    6.7451E-02 -2.0586E-02
   5.550 -5.6699E-01  6.3608E-01    4.4681E-02  1.3555E-01    5.2914E-02  1.4101E-01    8.9297E-02  1.7653E-01    1.0509E-02  9.2111E-03    1.2506E-02  9.1119E-03    2.7002E-02  5.7657E-03    6.5979E-02 -2.3112E-02
   5.621 -4.9392E-01  7.2956E-01    5.4527E-02  1.2299E-01    6.2193E-02  1.2720E-01    1.0048E-01  1.5654E-01    9.6551E-03  6.5639E-03    1.1877E-02  6.6088E-03    2.6598E-02  2.7692E-03    6.3176E-02 -2.6560E-02
   5.721 -3.7034E-01  8.4083E-01    6.2650E-02  1.0455E-01    6.9460E-02  1.0729E-01    1.0879E-01  1.2857E-01    8.5339E-03  3.9031E-03    1.1041E-02  4.1479E-03    2.5953E-02 -1.9934E-04    5.9078E-02 -2.9558E-02
   5.849 -1.8822E-01  9.4181E-01    6.4833E-02  8.2075E-02    7.0566E-02  8.3432E-02    1.0908E-01  9.6134E-02    7.4073E-03  1.9570E-03    1.0214E-02  2.4337E-03    2.5208E-02 -2.3268E-03    5.4060E-02 -3.1028E-02
   6.000  4.8598E-02  9.9843E-01    5.8944E-02  5.8980E-02    6.3533E-02  5.9328E-02    9.9046E-02  6.4684E-02    6.5446E-03  1.0708E-03    9.6146E-03  1.7823E-03    2.4555E-02 -3.2531E-03    4.8707E-02 -3.0625E-02
   6.173  3.2015E-01  9.7857E-01    4.5893E-02  3.8814E-02    4.9434E-02  3.8684E-02    8.0265E-02  3.9343E-02    6.0420E-03  1.1607E-03    9.3060E-03  2.0898E-03    2.4076E-02 -3.0878E-03    4.3531E-02 -2.8705E-02
   6.361  5.9212E-01  8.6162E-01    2.8912E-02  2.3610E-02    3.1598E-02  2.3528E-02    5.6986E-02  2.2674E-02    5.7845E-03  1.8995E-03    9.1636E-03  3.0257E-03    2.3698E-02 -2.1821E-03    3.8810E-02 -2.5932E-02
   6.562  8.2319E-01  6.4583E-01    1.1815E-02  1.3323E-02    1.3825E-02  1.3687E-02    3.3830E-02  1.4071E-02    5.5623E-03  2.9390E-03    8.9873E-03  4.2515E-03    2.3285E-02 -8.8400E-04    3.4626E-02 -2.2908E-02
   6.770  9.7538E-01  3.5044E-01   -2.5165E-03  6.5113E-03   -1.0906E-03  7.5312E-03    1.3990E-02  1.0886E-02    5.2083E-03  4.0261E-03    8.6266E-03  5.5277E-03    2.2742E-02  5.7034E-04    3.0981E-02 -2.0011E-02
   6.980  1.0241E+00  1.1816E-02   -1.2692E-02  1.4844E-03   -1.1861E-02  3.1840E-03   -1.2275E-03  1.0108E-02    4.6553E-03  5.0125E-03    8.0284E-03  6.7165E-03    2.2048E-02  2.0504E-03    2.7863E-02 -1.7422E-02
   7.188  9.6431E-01 -3.2548E-01   -1.8588E-02 -2.9113E-03   -1.8423E-02 -6.5653E-04   -1.1911E-02  9.5271E-03    3.9211E-03  5.8256E-03    7.2187E-03  7.7481E-03    2.1233E-02  3.4877E-03    2.5252E-02 -1.5197E-02
   7.389  8.1159E-01 -6.2006E-01   -2.0842E-02 -7.1013E-03   -2.1413E-02 -4.5083E-03   -1.8804E-02  8.0771E-03    3.0684E-03  6.4395E-03    6.2648E-03  8.5929E-03    2.0347E-02  4.8420E-03    2.3118E-02 -1.3328E-02
   7.577  5.9632E-01 -8.4356E-01   -2.0409E-02 -1.1003E-02   -2.1737E-02 -8.3199E-03   -2.2794E-02  5.6058E-03    2.1715E-03  6.8583E-03    5.2448E-03  9.2455E-03    1.9438E-02  6.0842E-03    2.1413E-02 -1.1783E-02
   7.750  3.5490E-01 -9.8567E-01   -1.8277E-02 -1.4353E-02   -2.0313E-02 -1.1804E-02   -2.4691E-02  2.4658E-03    1.2985E-03  7.1058E-03    4.2328E-03  9.7180E-03    1.8551E-02  7.1905E-03    2.0082E-02 -1.0521E-02
   7.901  1.2064E-01 -1.0533E+00   -1.5321E-02 -1.6950E-02   -1.7960E-02 -1.4694E-02   -2.5177E-02 -8.4125E-04    5.0385E-04  7.2177E-03    3.2925E-03  1.0035E-02    1.7726E-02  8.1412E-03    1.9066E-02 -9.5067E-03
   8.029 -8.2246E-02 -1.0654E+00   -1.2237E-02 -1.8752E-02   -1.5338E-02 -1.6867E-02   -2.4822E-02 -3.8772E-03   -1.7309E-04  7.2360E-03    2.4747E-03  1.0227E-02    1.6998E-02  8.9219E-03    1.8311E-02 -8.7132E-03
   8.129 -2.4030E-01 -1.0454E+00   -9.5172E-03 -1.9863E-02   -1.2941E-02 -1.8344E-02   -2.4093E-02 -6.3494E-03   -7.0680E-04  7.2023E-03    1.8175E-03  1.0331E-02    1.6402E-02  9.5233E-03    1.7775E-02 -8.1205E-03
   8.200 -3.4883E-01 -1.0158E+00   -7.4789E-03 -2.0461E-02   -1.1102E-02 -1.9238E-02   -2.3355E-02 -8.1053E-03   -1.0826E-03  7.1531E-03    1.3475E-03  1.0379E-02    1.5969E-02  9.9407E-03    1.7424E-02 -7.7163E-03
   8.241 -4.0820E-01 -9.9364E-01   -6.2988E-03 -2.0725E-02   -1.0023E-02 -1.9680E-02   -2.2862E-02 -9.0880E-03   -1.2931E-03  7.1163E-03    1.0813E-03  1.0396E-02    1.5720E-02  1.0173E-02    1.7236E-02 -7.4935E-03
   8.259 -4.3565E-01 -9.8184E-01   -5.7363E-03 -2.0830E-02   -9.5042E-03 -1.9872E-02   -2.2611E-02 -9.5482E-03   -1.3920E-03  7.0968E-03    9.5556E-04  1.0402E-02    1.5602E-02  1.0281E-02    1.7150E-02 -7.3896E-03
   8.300 -4.9261E-01 -9.5399E-01   -4.5319E-03 -2.1012E-02   -8.3863E-03 -2.0244E-02   -2.2040E-02 -1.0516E-02   -1.6008E-03  7.0504E-03    6.8831E-04  1.0409E-02    1.5348E-02  1.0510E-02    1.6972E-02 -7.1717E-03
   8.371 -5.8882E-01 -8.9548E-01   -2.3691E-03 -2.1193E-02   -6.3517E-03 -2.0780E-02   -2.0902E-02 -1.2194E-02   -1.9678E-03  6.9525E-03    2.1305E-04  1.0405E-02    1.4890E-02  1.0909E-02    1.6671E-02 -6.7925E-03
   8.471 -7.1218E-01 -7.9420E-01    7.0579E-04 -2.1130E-02   -3.3983E-03 -2.1250E-02   -1.9039E-02 -1.4449E-02   -2.4768E-03  6.7804E-03   -4.5914E-04  1.0363E-02    1.4224E-02  1.1458E-02    1.6276E-02 -6.2711E-03
   8.599 -8.4316E-01 -6.3790E-01    4.5507E-03 -2.0500E-02    4.0244E-04 -2.1336E-02   -1.6289E-02 -1.7043E-02   -3.1022E-03  6.5068E-03   -1.3089E-03  1.0246E-02    1.3347E-02  1.2127E-02    1.5823E-02 -5.6301E-03
   8.750 -9.5498E-01 -4.1977E-01    8.8822E-03 -1.8958E-02    4.8535E-03 -2.0669E-02   -1.2544E-02 -1.9616E-02   -3.8083E-03  6.1047E-03   -2.3065E-03  1.0016E-02    1.2258E-02  1.2876E-02    1.5344E-02 -4.8924E-03
   8.923 -1.0167E+00 -1.4429E-01    1.3260E-02 -1.6220E-02    9.6027E-03 -1.8905E-02   -7.8145E-03 -2.1716E-02   -4.5497E-03  5.5536E-03   -3.4105E-03  9.6368E-03    1.0959E-02  1.3658E-02    1.4864E-02 -4.0783E-03
   9.111 -9.9947E-01  1.6881E-01    1.7125E-02 -1.2172E-02    1.4156E-02 -1.5825E-02   -2.2826E-03 -2.2859E-02   -5.2744E-03  4.8442E-03   -4.5688E-03  9.0794E-03    9.4616E-03  1.4419E-02    1.4399E-02 -3.2056E-03
   9.312 -8.8539E-01  4.8506E-01    1.9893E-02 -6.9495E-03    1.7945E-02 -1.1426E-02    3.6851E-03 -2.2637E-02   -5.9285E-03  3.9834E-03   -5.7212E-03  8.3300E-03    7.7875E-03  1.5100E-02    1.3955E-02 -2.2902E-03
   9.520 -6.7454E-01  7.6165E-01    2.1084E-02 -9.5830E-04    2.0443E-02 -5.9717E-03    9.5736E-03 -2.0829E-02   -6.4629E-03  2.9954E-03   -6.8049E-03  7.3935E-03    5.9728E-03  1.5650E-02    1.3528E-02 -1.3483E-03
   9.730 -3.8776E-01  9.5834E-01    2.0461E-02  5.1956E-03    2.1294E-02  4.2348E-05    1.4813E-02 -1.7473E-02   -6.8400E-03  1.9206E-03   -7.7623E-03  6.2956E-03    4.0682E-03  1.6024E-02    1.3109E-02 -3.9751E-04
   9.938 -6.2259E-02  1.0491E+00    1.8091E-02  1.0847E-02    2.0407E-02  5.9950E-03    1.8907E-02 -1.2873E-02   -7.0403E-03  8.1011E-04   -8.5484E-03  5.0812E-03    2.1366E-03  1.6196E-02    1.2691E-02  5.4162E-04
  10.139  2.5852E-01  1.0291E+00    1.4342E-02  1.5437E-02    1.7988E-02  1.1292E-02    2.1550E-02 -7.5312E-03   -7.0649E-03 -2.8066E-04   -9.1375E-03  3.8090E-03    2.4693E-04  1.6162E-02    1.2269E-02  1.4464E-03
  10.327  5.3678E-01  9.1549E-01    9.7739E-03  1.8644E-02    1.4470E-02  1.5505E-02    2.2689E-02 -2.0259E-03   -6.9349E-03 -1.3002E-03   -9.5260E-03  2.5440E-03   -1.5322E-03  1.5942E-02    1.1842E-02  2.2932E-03
  10.500  7.4931E-01  7.3975E-01    4.9956E-03  2.0433E-02    1.0406E-02  1.8450E-02    2.2519E-02  3.1190E-03   -6.6881E-03 -2.2072E-03   -9.7325E-03  1.3493E-03   -3.1406E-03  1.5576E-02    1.1421E-02  3.0598E-03
  10.651  8.9042E-01  5.3845E-01    5.3410E-04  2.1016E-02    6.3348E-03  2.0192E-02    2.1411E-02  7.5286E-03   -6.3721E-03 -2.9741E-03   -9.7929E-03  2.7956E-04   -4.5312E-03  1.5122E-02    1.1018E-02  3.7268E-03
  10.779  9.6910E-01  3.4418E-01   -3.2464E-03  2.0761E-02    2.6875E-03  2.0976E-02    1.9811E-02  1.1012E-02   -6.0375E-03 -3.5878E-03   -9.7539E-03 -6.2355E-04   -5.6728E-03  1.4644E-02    1.0655E-02  4.2797E-03
  10.879  1.0029E+00  1.8061E-01   -6.1569E-03  2.0085E-02   -2.5094E-04  2.1135E-02    1.8149E-02  1.3541E-02   -5.7316E-03 -4.0467E-03   -9.6648E-03 -1.3319E-03   -6.5490E-03  1.4205E-02    1.0351E-02  4.7084E-03
  10.950  1.0112E+00  6.1795E-02   -8.1443E-03  1.9359E-02   -2.3304E-03  2.1000E-02    1.6775E-02  1.5186E-02   -5.4938E-03 -4.3565E-03   -9.5708E-03 -1.8290E-03   -7.1543E-03  1.3862E-02    1.0127E-02  5.0075E-03
  10.991  1.0100E+00 -5.6158E-03   -9.2291E-03  1.8864E-02   -3.4936E-03  2.0834E-02    1.5934E-02  1.6055E-02   -5.3522E-03 -4.5252E-03   -9.5065E-03 -2.1071E-03   -7.4894E-03  1.3657E-02    9.9967E-03  5.1742E-03
 External wave functions
  10.991  1.0100E+00 -5.6158E-03   -9.2291E-03  1.8864E-02   -3.4936E-03  2.0834E-02    1.5934E-02  1.6055E-02   -5.3522E-03 -4.5252E-03   -9.5065E-03 -2.1071E-03   -7.4894E-03  1.3657E-02    9.9967E-03  5.1742E-03
  11.191  9.4291E-01 -3.3606E-01   -1.4130E-02  1.5519E-02   -9.0643E-03  1.9058E-02    1.1111E-02  1.9657E-02   -4.5700E-03 -5.2971E-03   -9.0659E-03 -3.4629E-03   -9.0883E-03  1.2512E-02    9.3071E-03  5.9839E-03
  11.391  7.7951E-01 -6.3219E-01   -1.7901E-02  1.0935E-02   -1.3939E-02  1.5820E-02    5.4982E-03  2.1861E-02   -3.6753E-03 -5.9385E-03   -8.4309E-03 -4.7443E-03   -1.0544E-02  1.1171E-02    8.5485E-03  6.7491E-03
  11.591  5.3632E-01 -8.6358E-01   -2.0238E-02  5.4744E-03   -1.7739E-02  1.1362E-02   -5.0778E-04  2.2500E-02   -2.6894E-03 -6.4325E-03   -7.6126E-03 -5.9225E-03   -1.1829E-02  9.6480E-03    7.7198E-03  7.4588E-03
  11.791  2.3809E-01 -1.0063E+00   -2.0950E-02 -4.2534E-04   -2.0167E-02  6.0261E-03   -6.4767E-03  2.1518E-02   -1.6363E-03 -6.7658E-03   -6.6267E-03 -6.9703E-03   -1.2917E-02  7.9646E-03    6.8222E-03  8.1017E-03
  11.991 -8.4629E-02 -1.0455E+00   -1.9977E-02 -6.2907E-03   -2.1030E-02  2.2268E-04   -1.1976E-02  1.8977E-02   -5.4211E-04 -6.9290E-03   -5.4933E-03 -7.8627E-03   -1.3783E-02  6.1450E-03    5.8588E-03  8.6662E-03
  12.191 -3.9860E-01 -9.7680E-01   -1.7394E-02 -1.1649E-02   -2.0255E-02 -5.5979E-03   -1.6601E-02  1.5052E-02    5.6577E-04 -6.9167E-03   -4.2360E-03 -8.5779E-03   -1.4407E-02  4.2177E-03    4.8350E-03  9.1413E-03
  12.391 -6.7135E-01 -8.0712E-01   -1.3406E-02 -1.6066E-02   -1.7899E-02 -1.0981E-02   -2.0009E-02  1.0023E-02    1.6592E-03 -6.7284E-03   -2.8823E-03 -9.0976E-03   -1.4773E-02  2.2149E-03    3.7583E-03  9.5159E-03
  12.591 -8.7451E-01 -5.5380E-01   -8.3342E-03 -1.9184E-02   -1.4141E-02 -1.5504E-02   -2.1943E-02  4.2569E-03    2.7101E-03 -6.3677E-03   -1.4624E-03 -9.4079E-03   -1.4868E-02  1.7148E-04    2.6381E-03  9.7804E-03
  12.791 -9.8684E-01 -2.4298E-01   -2.5866E-03 -2.0746E-02   -9.2720E-03 -1.8809E-02   -2.2251E-02 -1.8247E-03    3.6912E-03 -5.8431E-03   -8.4448E-06 -9.4996E-03   -1.4684E-02 -1.8750E-03    1.4859E-03  9.9257E-03
  12.991 -9.9646E-01  9.3126E-02    3.3709E-03 -2.0625E-02   -3.6729E-03 -2.0632E-02   -2.0902E-02 -7.7701E-03    4.5767E-03 -5.1671E-03    1.4456E-03 -9.3683E-03   -1.4221E-02 -3.8856E-03    3.1498E-04  9.9447E-03
  13.191 -9.0218E-01  4.1950E-01    9.0541E-03 -1.8826E-02    2.2160E-03 -2.0825E-02   -1.7992E-02 -1.3134E-02    5.3430E-03 -4.3567E-03    2.8654E-03 -9.0154E-03   -1.3481E-02 -5.8206E-03   -8.6008E-04  9.8317E-03
