Wave function, E=  12.000 entrance channel= 1
 Internal wave functions
   0.006  5.4114E-07 -8.1405E-08    7.5627E-08 -1.1379E-08
   0.031  1.5117E-05 -2.2742E-06    4.2880E-06 -6.4508E-07
   0.076  2.2776E-04 -3.4263E-05    7.7000E-05 -1.1584E-05
   0.140  2.2179E-03 -3.3366E-04    8.0644E-04 -1.2132E-04
   0.222  1.4203E-02 -2.1367E-03    5.4066E-03 -8.1335E-04
   0.321  6.0840E-02 -9.1528E-03    2.4030E-02 -3.6147E-03
   0.435  1.8108E-01 -2.7243E-02    7.3736E-02 -1.1090E-02
   0.563  3.9561E-01 -5.9522E-02    1.6447E-01 -2.4726E-02
   0.703  6.7492E-01 -1.0156E-01    2.8268E-01 -4.2462E-02
   0.852  9.5426E-01 -1.4363E-01    3.9706E-01 -5.9567E-02
   1.008  1.1767E+00 -1.7717E-01    4.8107E-01 -7.2025E-02
   1.170  1.3172E+00 -1.9842E-01    5.2589E-01 -7.8496E-02
   1.333  1.3784E+00 -2.0777E-01    5.3693E-01 -7.9786E-02
   1.497  1.3759E+00 -2.0760E-01    5.2494E-01 -7.7507E-02
   1.658  1.3280E+00 -2.0062E-01    4.9999E-01 -7.3172E-02
   1.815  1.2502E+00 -1.8917E-01    4.6939E-01 -6.7883E-02
   1.964  1.1547E+00 -1.7508E-01    4.3778E-01 -6.2354E-02
   2.104  1.0510E+00 -1.5977E-01    4.0784E-01 -5.7009E-02
   2.231  9.4633E-01 -1.4430E-01    3.8098E-01 -5.2094E-02
   2.346  8.4642E-01 -1.2954E-01    3.5784E-01 -4.7744E-02
   2.445  7.5587E-01 -1.1617E-01    3.3863E-01 -4.4034E-02
   2.527  6.7830E-01 -1.0471E-01    3.2334E-01 -4.1003E-02
   2.591  6.1649E-01 -9.5587E-02    3.1183E-01 -3.8673E-02
   2.636  5.7245E-01 -8.9086E-02    3.0398E-01 -3.7055E-02
   2.661  5.4755E-01 -8.5409E-02    2.9966E-01 -3.6154E-02
   2.673  5.3579E-01 -8.3673E-02    2.9765E-01 -3.5732E-02
   2.698  5.1068E-01 -7.9966E-02    2.9341E-01 -3.4838E-02
   2.743  4.6559E-01 -7.3309E-02    2.8601E-01 -3.3255E-02
   2.807  4.0071E-01 -6.3732E-02    2.7579E-01 -3.1027E-02
   2.889  3.1652E-01 -5.1306E-02    2.6323E-01 -2.8212E-02
   2.988  2.1389E-01 -3.6160E-02    2.4891E-01 -2.4884E-02
   3.102  9.4196E-02 -1.8499E-02    2.3343E-01 -2.1123E-02
   3.230 -4.0559E-02  1.3839E-03    2.1740E-01 -1.7014E-02
   3.369 -1.8776E-01  2.3101E-02    2.0139E-01 -1.2643E-02
   3.518 -3.4418E-01  4.6179E-02    1.8585E-01 -8.0905E-03
   3.675 -5.0614E-01  7.0075E-02    1.7116E-01 -3.4343E-03
   3.836 -6.6965E-01  9.4204E-02    1.5756E-01  1.2527E-03
   4.000 -8.3066E-01  1.1797E-01    1.4518E-01  5.9019E-03
   4.164 -9.8531E-01  1.4080E-01    1.3407E-01  1.0448E-02
   4.325 -1.1302E+00  1.6221E-01    1.2422E-01  1.4830E-02
   4.482 -1.2626E+00  1.8178E-01    1.1556E-01  1.8989E-02
   4.631 -1.3805E+00  1.9922E-01    1.0801E-01  2.2871E-02
   4.770 -1.4828E+00  2.1437E-01    1.0147E-01  2.6428E-02
   4.898 -1.5692E+00  2.2718E-01    9.5879E-02  2.9621E-02
   5.012 -1.6401E+00  2.3771E-01    9.1153E-02  3.2416E-02
   5.111 -1.6965E+00  2.4609E-01    8.7243E-02  3.4790E-02
   5.193 -1.7396E+00  2.5251E-01    8.4110E-02  3.6724E-02
   5.257 -1.7709E+00  2.5717E-01    8.1731E-02  3.8209E-02
   5.302 -1.7916E+00  2.6026E-01    8.0091E-02  3.9239E-02
   5.327 -1.8028E+00  2.6193E-01    7.9181E-02  3.9812E-02
   5.339 -1.8079E+00  2.6269E-01    7.8756E-02  4.0081E-02
   5.364 -1.8186E+00  2.6429E-01    7.7856E-02  4.0649E-02
   5.409 -1.8367E+00  2.6701E-01    7.6269E-02  4.1653E-02
   5.473 -1.8608E+00  2.7061E-01    7.4040E-02  4.3065E-02
   5.555 -1.8884E+00  2.7476E-01    7.1234E-02  4.4840E-02
   5.654 -1.9167E+00  2.7905E-01    6.7917E-02  4.6925E-02
   5.769 -1.9427E+00  2.8300E-01    6.4161E-02  4.9254E-02
   5.896 -1.9631E+00  2.8615E-01    6.0033E-02  5.1753E-02
   6.036 -1.9747E+00  2.8804E-01    5.5594E-02  5.4343E-02
   6.185 -1.9747E+00  2.8825E-01    5.0902E-02  5.6937E-02
   6.342 -1.9611E+00  2.8647E-01    4.6012E-02  5.9454E-02
   6.503 -1.9325E+00  2.8250E-01    4.0979E-02  6.1813E-02
   6.667 -1.8886E+00  2.7629E-01    3.5863E-02  6.3947E-02
   6.830 -1.8300E+00  2.6792E-01    3.0730E-02  6.5798E-02
   6.992 -1.7584E+00  2.5765E-01    2.5653E-02  6.7331E-02
   7.148 -1.6763E+00  2.4582E-01    2.0708E-02  6.8528E-02
   7.297 -1.5869E+00  2.3293E-01    1.5976E-02  6.9393E-02
   7.437 -1.4941E+00  2.1950E-01    1.1537E-02  6.9951E-02
   7.565 -1.4016E+00  2.0610E-01    7.4667E-03  7.0241E-02
   7.679 -1.3133E+00  1.9331E-01    3.8322E-03  7.0319E-02
   7.778 -1.2329E+00  1.8163E-01    6.9230E-04  7.0246E-02
   7.860 -1.1635E+00  1.7156E-01   -1.9054E-03  7.0085E-02
   7.924 -1.1078E+00  1.6347E-01   -3.9243E-03  6.9896E-02
   7.969 -1.0679E+00  1.5767E-01   -5.3377E-03  6.9730E-02
   7.994 -1.0453E+00  1.5438E-01   -6.1287E-03  6.9625E-02
 External wave functions
   7.994 -1.0453E+00  1.5438E-01   -6.1287E-03  6.9625E-02
   8.194 -8.5905E-01  1.2730E-01   -1.2371E-02  6.8482E-02
   8.394 -6.6289E-01  9.8745E-02   -1.8514E-02  6.6792E-02
   8.594 -4.5907E-01  6.9049E-02   -2.4505E-02  6.4557E-02
   8.794 -2.4994E-01  3.8555E-02   -3.0293E-02  6.1785E-02
   8.994 -3.7915E-02  7.6144E-03   -3.5824E-02  5.8490E-02
   9.194  1.7454E-01 -2.3414E-02   -4.1047E-02  5.4692E-02
   9.394  3.8499E-01 -5.4172E-02   -4.5912E-02  5.0417E-02
   9.594  5.9098E-01 -8.4303E-02   -5.0370E-02  4.5696E-02
   9.794  7.9013E-01 -1.1346E-01   -5.4377E-02  4.0566E-02
   9.994  9.8015E-01 -1.4130E-01   -5.7891E-02  3.5068E-02
  10.194  1.1588E+00 -1.6751E-01   -6.0874E-02  2.9248E-02
Wave function, E=  24.000 entrance channel= 1
 Internal wave functions
   0.006  5.3686E-07 -2.7489E-07    7.4978E-08 -3.8401E-08
   0.031  1.4995E-05 -7.6784E-06    4.2536E-06 -2.1781E-06
   0.076  2.2590E-04 -1.1567E-04    7.6371E-05 -3.9107E-05
   0.140  2.1993E-03 -1.1262E-03    7.9968E-04 -4.0948E-04
   0.222  1.4077E-02 -7.2082E-03    5.3591E-03 -2.7441E-03
   0.321  6.0245E-02 -3.0850E-02    2.3804E-02 -1.2188E-02
   0.435  1.7902E-01 -9.1675E-02    7.2991E-02 -3.7363E-02
   0.563  3.9004E-01 -1.9975E-01    1.6269E-01 -8.3238E-02
   0.703  6.6245E-01 -3.3931E-01    2.7938E-01 -1.4282E-01
   0.852  9.3005E-01 -4.7651E-01    3.9206E-01 -2.0011E-01
   1.008  1.1346E+00 -5.8157E-01    4.7437E-01 -2.4156E-01
   1.170  1.2504E+00 -6.4127E-01    5.1750E-01 -2.6261E-01
   1.333  1.2795E+00 -6.5680E-01    5.2682E-01 -2.6597E-01
   1.497  1.2384E+00 -6.3644E-01    5.1306E-01 -2.5715E-01
   1.658  1.1461E+00 -5.9000E-01    4.8635E-01 -2.4134E-01
   1.815  1.0200E+00 -5.2634E-01    4.5411E-01 -2.2235E-01
   1.964  8.7447E-01 -4.5281E-01    4.2109E-01 -2.0270E-01
   2.104  7.2126E-01 -3.7534E-01    3.9002E-01 -1.8387E-01
   2.231  5.6979E-01 -2.9873E-01    3.6232E-01 -1.6671E-01
   2.346  4.2762E-01 -2.2682E-01    3.3862E-01 -1.5167E-01
   2.445  3.0062E-01 -1.6258E-01    3.1906E-01 -1.3897E-01
   2.527  1.9324E-01 -1.0826E-01    3.0356E-01 -1.2868E-01
   2.591  1.0863E-01 -6.5450E-02    2.9197E-01 -1.2084E-01
   2.636  4.8888E-02 -3.5229E-02    2.8408E-01 -1.1543E-01
   2.661  1.5304E-02 -1.8238E-02    2.7975E-01 -1.1243E-01
   2.673 -5.0619E-04 -1.0240E-02    2.7773E-01 -1.1102E-01
   2.698 -3.4145E-02  6.7789E-03    2.7350E-01 -1.0806E-01
   2.743 -9.4169E-02  3.7147E-02    2.6611E-01 -1.0284E-01
   2.807 -1.7961E-01  8.0377E-02    2.5596E-01 -9.5541E-02
   2.889 -2.8880E-01  1.3563E-01    2.4353E-01 -8.6420E-02
   2.988 -4.1918E-01  2.0160E-01    2.2943E-01 -7.5782E-02
   3.102 -5.6711E-01  2.7647E-01    2.1429E-01 -6.3969E-02
   3.230 -7.2787E-01  3.5786E-01    1.9869E-01 -5.1338E-02
   3.369 -8.9572E-01  4.4285E-01    1.8317E-01 -3.8239E-02
   3.518 -1.0641E+00  5.2818E-01    1.6811E-01 -2.5000E-02
   3.675 -1.2262E+00  6.1037E-01    1.5379E-01 -1.1921E-02
   3.836 -1.3754E+00  6.8607E-01    1.4036E-01  7.3864E-04
   4.000 -1.5058E+00  7.5233E-01    1.2788E-01  1.2754E-02
   4.164 -1.6128E+00  8.0685E-01    1.1631E-01  2.3942E-02
   4.325 -1.6937E+00  8.4825E-01    1.0560E-01  3.4158E-02
   4.482 -1.7479E+00  8.7613E-01    9.5700E-02  4.3300E-02
   4.631 -1.7765E+00  8.9113E-01    8.6574E-02  5.1308E-02
   4.770 -1.7825E+00  8.9473E-01    7.8216E-02  5.8163E-02
   4.898 -1.7704E+00  8.8914E-01    7.0651E-02  6.3891E-02
   5.012 -1.7454E+00  8.7700E-01    6.3933E-02  6.8549E-02
   5.111 -1.7130E+00  8.6112E-01    5.8129E-02  7.2224E-02
   5.193 -1.6788E+00  8.4422E-01    5.3314E-02  7.5016E-02
   5.257 -1.6476E+00  8.2875E-01    4.9556E-02  7.7028E-02
   5.302 -1.6233E+00  8.1671E-01    4.6915E-02  7.8354E-02
   5.327 -1.6089E+00  8.0954E-01    4.5432E-02  7.9066E-02
   5.339 -1.6019E+00  8.0606E-01    4.4734E-02  7.9392E-02
   5.364 -1.5866E+00  7.9845E-01    4.3250E-02  8.0070E-02
   5.409 -1.5579E+00  7.8415E-01    4.0602E-02  8.1222E-02
   5.473 -1.5138E+00  7.6221E-01    3.6824E-02  8.2734E-02
   5.555 -1.4520E+00  7.3141E-01    3.1968E-02  8.4452E-02
   5.654 -1.3701E+00  6.9051E-01    2.6103E-02  8.6186E-02
   5.769 -1.2658E+00  6.3840E-01    1.9318E-02  8.7726E-02
   5.896 -1.1377E+00  5.7436E-01    1.1724E-02  8.8854E-02
   6.036 -9.8575E-01  4.9829E-01    3.4636E-03  8.9360E-02
   6.185 -8.1112E-01  4.1081E-01   -5.2937E-03  8.9059E-02
   6.342 -6.1677E-01  3.1338E-01   -1.4347E-02  8.7813E-02
   6.503 -4.0718E-01  2.0824E-01   -2.3472E-02  8.5537E-02
   6.667 -1.8810E-01  9.8269E-02   -3.2433E-02  8.2220E-02
   6.830  3.3898E-02 -1.3229E-02   -4.0995E-02  7.7920E-02
   6.992  2.5204E-01 -1.2285E-01   -4.8947E-02  7.2770E-02
   7.148  4.5992E-01 -2.2737E-01   -5.6116E-02  6.6960E-02
   7.297  6.5209E-01 -3.2405E-01   -6.2380E-02  6.0728E-02
   7.437  8.2439E-01 -4.1077E-01   -6.7678E-02  5.4335E-02
   7.565  9.7417E-01 -4.8621E-01   -7.2009E-02  4.8048E-02
   7.679  1.1003E+00 -5.4974E-01   -7.5424E-02  4.2122E-02
   7.778  1.2027E+00 -6.0140E-01   -7.8015E-02  3.6786E-02
   7.860  1.2826E+00 -6.4169E-01   -7.9895E-02  3.2231E-02
   7.924  1.3414E+00 -6.7138E-01   -8.1187E-02  2.8609E-02
   7.969  1.3808E+00 -6.9127E-01   -8.2002E-02  2.6033E-02
   7.994  1.4022E+00 -7.0208E-01   -8.2424E-02  2.4578E-02
 External wave functions
   7.994  1.4022E+00 -7.0208E-01   -8.2424E-02  2.4578E-02
   8.194  1.5532E+00 -7.7841E-01   -8.4872E-02  1.2794E-02
   8.394  1.6683E+00 -8.3676E-01   -8.5662E-02  7.6078E-04
   8.594  1.7449E+00 -8.7578E-01   -8.4763E-02 -1.1287E-02
   8.794  1.7811E+00 -8.9456E-01   -8.2181E-02 -2.3111E-02
   8.994  1.7762E+00 -8.9268E-01   -7.7954E-02 -3.4472E-02
   9.194  1.7303E+00 -8.7017E-01   -7.2157E-02 -4.5138E-02
   9.394  1.6444E+00 -8.2756E-01   -6.4897E-02 -5.4888E-02
   9.594  1.5205E+00 -7.6583E-01   -5.6314E-02 -6.3520E-02
   9.794  1.3614E+00 -6.8641E-01   -4.6576E-02 -7.0848E-02
   9.994  1.1709E+00 -5.9112E-01   -3.5878E-02 -7.6717E-02
  10.194  9.5339E-01 -4.8218E-01   -2.4438E-02 -8.0996E-02
Wave function, E=  36.000 entrance channel= 1
 Internal wave functions
   0.006  5.0124E-07 -4.0502E-07    6.9948E-08 -5.6545E-08
   0.031  1.3998E-05 -1.1311E-05    3.9708E-06 -3.2087E-06
   0.076  2.1085E-04 -1.7039E-04    7.1284E-05 -5.7604E-05
   0.140  2.0523E-03 -1.6584E-03    7.4625E-04 -6.0303E-04
   0.222  1.3130E-02 -1.0610E-02    4.9990E-03 -4.0395E-03
   0.321  5.6140E-02 -4.5367E-02    2.2192E-02 -1.7930E-02
   0.435  1.6655E-01 -1.3460E-01    6.8004E-02 -5.4923E-02
   0.563  3.6188E-01 -2.9249E-01    1.5148E-01 -1.2224E-01
   0.703  6.1182E-01 -4.9464E-01    2.6001E-01 -2.0950E-01
   0.852  8.5279E-01 -6.8978E-01    3.6469E-01 -2.9312E-01
   1.008  1.0290E+00 -8.3288E-01    4.4096E-01 -3.5306E-01
   1.170  1.1155E+00 -9.0384E-01    4.8057E-01 -3.8255E-01
   1.333  1.1146E+00 -9.0451E-01    4.8847E-01 -3.8560E-01
   1.497  1.0423E+00 -8.4778E-01    4.7474E-01 -3.7034E-01
   1.658  9.1817E-01 -7.4939E-01    4.4892E-01 -3.4454E-01
   1.815  7.6047E-01 -6.2402E-01    4.1806E-01 -3.1401E-01
   1.964  5.8494E-01 -4.8430E-01    3.8666E-01 -2.8256E-01
   2.104  4.0461E-01 -3.4067E-01    3.5730E-01 -2.5251E-01
   2.231  2.3003E-01 -2.0157E-01    3.3129E-01 -2.2517E-01
   2.346  6.9336E-02 -7.3500E-02    3.0914E-01 -2.0126E-01
   2.445 -7.1523E-02  3.8788E-02    2.9095E-01 -1.8111E-01
   2.527 -1.8856E-01  1.3211E-01    2.7659E-01 -1.6483E-01
   2.591 -2.7937E-01  2.0453E-01    2.6587E-01 -1.5244E-01
   2.636 -3.4269E-01  2.5503E-01    2.5859E-01 -1.4391E-01
   2.661 -3.7799E-01  2.8319E-01    2.5460E-01 -1.3919E-01
   2.673 -3.9454E-01  2.9638E-01    2.5274E-01 -1.3698E-01
   2.698 -4.2957E-01  3.2433E-01    2.4884E-01 -1.3232E-01
   2.743 -4.9150E-01  3.7374E-01    2.4204E-01 -1.2412E-01
   2.807 -5.7832E-01  4.4303E-01    2.3268E-01 -1.1269E-01
   2.889 -6.8685E-01  5.2967E-01    2.2123E-01 -9.8457E-02
   2.988 -8.1252E-01  6.3003E-01    2.0821E-01 -8.1943E-02
   3.102 -9.4932E-01  7.3934E-01    1.9414E-01 -6.3738E-02
   3.230 -1.0899E+00  8.5177E-01    1.7950E-01 -4.4463E-02
   3.369 -1.2258E+00  9.6066E-01    1.6467E-01 -2.4736E-02
   3.518 -1.3484E+00  1.0590E+00    1.4988E-01 -5.1478E-03
   3.675 -1.4491E+00  1.1402E+00    1.3530E-01  1.3761E-02
   3.836 -1.5209E+00  1.1985E+00    1.2095E-01  3.1517E-02
   4.000 -1.5588E+00  1.2299E+00    1.0685E-01  4.7724E-02
   4.164 -1.5604E+00  1.2325E+00    9.2993E-02  6.2079E-02
   4.325 -1.5265E+00  1.2070E+00    7.9418E-02  7.4378E-02
   4.482 -1.4607E+00  1.1562E+00    6.6217E-02  8.4528E-02
   4.631 -1.3691E+00  1.0848E+00    5.3539E-02  9.2548E-02
   4.770 -1.2594E+00  9.9893E-01    4.1579E-02  9.8564E-02
   4.898 -1.1402E+00  9.0534E-01    3.0551E-02  1.0280E-01
   5.012 -1.0199E+00  8.1078E-01    2.0667E-02  1.0553E-01
   5.111 -9.0632E-01  7.2143E-01    1.2111E-02  1.0710E-01
   5.193 -8.0623E-01  6.4260E-01    5.0316E-03  1.0783E-01
   5.257 -7.2490E-01  5.7851E-01   -4.6278E-04  1.0805E-01
   5.302 -6.6623E-01  5.3227E-01   -4.3026E-03  1.0802E-01
   5.327 -6.3281E-01  5.0592E-01   -6.4482E-03  1.0794E-01
   5.339 -6.1697E-01  4.9343E-01   -7.4551E-03  1.0788E-01
   5.364 -5.8305E-01  4.6667E-01   -9.5911E-03  1.0773E-01
   5.409 -5.2177E-01  4.1833E-01   -1.3381E-02  1.0734E-01
   5.473 -4.3294E-01  3.4823E-01   -1.8732E-02  1.0652E-01
   5.555 -3.1678E-01  2.5653E-01   -2.5500E-02  1.0504E-01
   5.654 -1.7438E-01  1.4406E-01   -3.3480E-02  1.0260E-01
   5.769 -8.1181E-03  1.2659E-02   -4.2405E-02  9.8934E-02
   5.896  1.7798E-01 -1.3450E-01   -5.1941E-02  9.3782E-02
   6.036  3.7811E-01 -2.9286E-01   -6.1690E-02  8.6963E-02
   6.185  5.8480E-01 -4.5654E-01   -7.1212E-02  7.8399E-02
   6.342  7.8944E-01 -6.1873E-01   -8.0048E-02  6.8136E-02
   6.503  9.8295E-01 -7.7225E-01   -8.7761E-02  5.6356E-02
   6.667  1.1567E+00 -9.1029E-01   -9.3979E-02  4.3372E-02
   6.830  1.3036E+00 -1.0272E+00   -9.8434E-02  2.9600E-02
   6.992  1.4186E+00 -1.1189E+00   -1.0099E-01  1.5522E-02
   7.148  1.4996E+00 -1.1838E+00   -1.0168E-01  1.6386E-03
   7.297  1.5472E+00 -1.2223E+00   -1.0065E-01 -1.1584E-02
   7.437  1.5648E+00 -1.2369E+00   -9.8207E-02 -2.3752E-02
   7.565  1.5577E+00 -1.2321E+00   -9.4728E-02 -3.4571E-02
   7.679  1.5326E+00 -1.2129E+00   -9.0645E-02 -4.3859E-02
   7.778  1.4969E+00 -1.1852E+00   -8.6393E-02 -5.1535E-02
   7.860  1.4576E+00 -1.1546E+00   -8.2383E-02 -5.7605E-02
   7.924  1.4211E+00 -1.1260E+00   -7.8964E-02 -6.2126E-02
   7.969  1.3924E+00 -1.1036E+00   -7.6417E-02 -6.5181E-02
   7.994  1.3752E+00 -1.0901E+00   -7.4938E-02 -6.6850E-02
 External wave functions
   7.994  1.3752E+00 -1.0901E+00   -7.4938E-02 -6.6850E-02
   8.194  1.2130E+00 -9.6281E-01   -6.1948E-02 -7.8864E-02
   8.394  1.0087E+00 -8.0214E-01   -4.7035E-02 -8.8427E-02
   8.594  7.6955E-01 -6.1370E-01   -3.0653E-02 -9.5228E-02
   8.794  5.0373E-01 -4.0401E-01   -1.3309E-02 -9.9040E-02
   8.994  2.2047E-01 -1.8034E-01    4.4543E-03 -9.9729E-02
   9.194 -7.0421E-02  4.9584E-02    2.2076E-02 -9.7259E-02
   9.394 -3.5887E-01  2.7779E-01    3.8995E-02 -9.1697E-02
   9.594 -6.3490E-01  4.9637E-01    5.4670E-02 -8.3208E-02
   9.794 -8.8895E-01  6.9777E-01    6.8593E-02 -7.2054E-02
   9.994 -1.1122E+00  8.7502E-01    8.0312E-02 -5.8586E-02
  10.194 -1.2970E+00  1.0220E+00    8.9442E-02 -4.3229E-02
Wave function, E=  48.000 entrance channel= 1
 Internal wave functions
   0.006  4.5666E-07 -5.0488E-07    6.3670E-08 -7.0443E-08
   0.031  1.2750E-05 -1.4098E-05    3.6171E-06 -3.9993E-06
   0.076  1.9204E-04 -2.1234E-04    6.4925E-05 -7.1788E-05
   0.140  1.8688E-03 -2.0663E-03    6.7953E-04 -7.5135E-04
   0.222  1.1950E-02 -1.3213E-02    4.5504E-03 -5.0309E-03
   0.321  5.1049E-02 -5.6447E-02    2.0190E-02 -2.2317E-02
   0.435  1.5120E-01 -1.6721E-01    6.1834E-02 -6.8307E-02
   0.563  3.2759E-01 -3.6236E-01    1.3769E-01 -1.5189E-01
   0.703  5.5127E-01 -6.1005E-01    2.3632E-01 -2.6004E-01
   0.852  7.6272E-01 -8.4469E-01    3.3153E-01 -3.6330E-01
   1.008  9.0982E-01 -1.0088E+00    4.0105E-01 -4.3667E-01
   1.170  9.6939E-01 -1.0769E+00    4.3728E-01 -4.7161E-01
   1.333  9.4389E-01 -1.0515E+00    4.4471E-01 -4.7309E-01
   1.497  8.4910E-01 -9.5001E-01    4.3249E-01 -4.5132E-01
   1.658  7.0462E-01 -7.9397E-01    4.0936E-01 -4.1614E-01
   1.815  5.2926E-01 -6.0399E-01    3.8177E-01 -3.7494E-01
   1.964  3.3952E-01 -3.9812E-01    3.5382E-01 -3.3268E-01
   2.104  1.4912E-01 -1.9135E-01    3.2780E-01 -2.9236E-01
   2.231 -3.1132E-02  4.5429E-03    3.0484E-01 -2.5576E-01
   2.346 -1.9336E-01  1.8095E-01    2.8535E-01 -2.2378E-01
   2.445 -3.3241E-01  3.3224E-01    2.6935E-01 -1.9688E-01
   2.527 -4.4549E-01  4.5533E-01    2.5671E-01 -1.7520E-01
   2.591 -5.3154E-01  5.4905E-01    2.4725E-01 -1.5874E-01
   2.636 -5.9059E-01  6.1339E-01    2.4081E-01 -1.4741E-01
   2.661 -6.2315E-01  6.4888E-01    2.3727E-01 -1.4115E-01
   2.673 -6.3831E-01  6.6541E-01    2.3562E-01 -1.3823E-01
   2.698 -6.7023E-01  7.0021E-01    2.3215E-01 -1.3206E-01
   2.743 -7.2597E-01  7.6099E-01    2.2608E-01 -1.2122E-01
   2.807 -8.0251E-01  8.4451E-01    2.1768E-01 -1.0616E-01
   2.889 -8.9526E-01  9.4581E-01    2.0730E-01 -8.7465E-02
   2.988 -9.9794E-01  1.0581E+00    1.9531E-01 -6.5904E-02
   3.102 -1.1027E+00  1.1729E+00    1.8206E-01 -4.2329E-02
   3.230 -1.2004E+00  1.2803E+00    1.6781E-01 -1.7658E-02
   3.369 -1.2812E+00  1.3698E+00    1.5274E-01  7.1799E-03
   3.518 -1.3359E+00  1.4313E+00    1.3693E-01  3.1285E-02
   3.675 -1.3566E+00  1.4561E+00    1.2041E-01  5.3829E-02
   3.836 -1.3378E+00  1.4384E+00    1.0319E-01  7.4089E-02
   4.000 -1.2776E+00  1.3760E+00    8.5366E-02  9.1489E-02
   4.164 -1.1779E+00  1.2708E+00    6.7110E-02  1.0563E-01
   4.325 -1.0439E+00  1.1286E+00    4.8719E-02  1.1631E-01
   4.482 -8.8408E-01  9.5811E-01    3.0587E-02  1.2356E-01
   4.631 -7.0833E-01  7.7022E-01    1.3163E-02  1.2760E-01
   4.770 -5.2725E-01  5.7627E-01   -3.1035E-03  1.2887E-01
   4.898 -3.5079E-01  3.8700E-01   -1.7817E-02  1.2792E-01
   5.012 -1.8739E-01  2.1155E-01   -3.0677E-02  1.2541E-01
   5.111 -4.3563E-02  5.6972E-02   -4.1494E-02  1.2200E-01
   5.193  7.6221E-02 -7.1858E-02   -5.0185E-02  1.1832E-01
   5.257  1.6924E-01 -1.7196E-01   -5.6748E-02  1.1495E-01
   5.302  2.3410E-01 -2.4179E-01   -6.1232E-02  1.1232E-01
   5.327  2.7024E-01 -2.8071E-01   -6.3699E-02  1.1076E-01
   5.339  2.8717E-01 -2.9895E-01   -6.4846E-02  1.1000E-01
   5.364  3.2302E-01 -3.3756E-01   -6.7259E-02  1.0834E-01
   5.409  3.8632E-01 -4.0577E-01   -7.1464E-02  1.0523E-01
   5.473  4.7490E-01 -5.0126E-01   -7.7227E-02  1.0046E-01
   5.555  5.8517E-01 -6.2021E-01   -8.4199E-02  9.3794E-02
   5.654  7.1194E-01 -7.5707E-01   -9.1915E-02  8.5003E-02
   5.769  8.4826E-01 -9.0441E-01   -9.9801E-02  7.3916E-02
   5.896  9.8556E-01 -1.0530E+00   -1.0720E-01  6.0485E-02
   6.036  1.1141E+00 -1.1924E+00   -1.1340E-01  4.4833E-02
   6.185  1.2236E+00 -1.3116E+00   -1.1772E-01  2.7282E-02
   6.342  1.3047E+00 -1.4004E+00   -1.1957E-01  8.3551E-03
   6.503  1.3497E+00 -1.4505E+00   -1.1852E-01 -1.1254E-02
   6.667  1.3539E+00 -1.4567E+00   -1.1436E-01 -3.0743E-02
   6.830  1.3161E+00 -1.4178E+00   -1.0717E-01 -4.9292E-02
   6.992  1.2390E+00 -1.3365E+00   -9.7277E-02 -6.6154E-02
   7.148  1.1287E+00 -1.2193E+00   -8.5252E-02 -8.0746E-02
   7.297  9.9384E-01 -1.0755E+00   -7.1813E-02 -9.2709E-02
   7.437  8.4440E-01 -9.1573E-01   -5.7751E-02 -1.0193E-01
   7.565  6.9069E-01 -7.5117E-01   -4.3844E-02 -1.0854E-01
   7.679  5.4221E-01 -5.9201E-01   -3.0784E-02 -1.1287E-01
   7.778  4.0698E-01 -4.4693E-01   -1.9136E-02 -1.1535E-01
   7.860  2.9122E-01 -3.2264E-01   -9.3186E-03 -1.1650E-01
   7.924  1.9936E-01 -2.2396E-01   -1.6170E-03 -1.1682E-01
   7.969  1.3427E-01 -1.5401E-01    3.7962E-03 -1.1674E-01
   7.994  9.7617E-02 -1.1461E-01    6.8291E-03 -1.1659E-01
 External wave functions
   7.994  9.7617E-02 -1.1461E-01    6.8291E-03 -1.1659E-01
   8.194 -1.9369E-01  1.9878E-01    3.0576E-02 -1.1259E-01
   8.394 -4.7607E-01  5.0301E-01    5.3022E-02 -1.0380E-01
   8.594 -7.3649E-01  7.8403E-01    7.3200E-02 -9.0579E-02
   8.794 -9.6294E-01  1.0289E+00    9.0239E-02 -7.3469E-02
   8.994 -1.1450E+00  1.2263E+00    1.0339E-01 -5.3198E-02
   9.194 -1.2742E+00  1.3672E+00    1.1208E-01 -3.0630E-02
   9.394 -1.3447E+00  1.4450E+00    1.1592E-01 -6.7372E-03
   9.594 -1.3532E+00  1.4562E+00    1.1473E-01  1.7448E-02
   9.794 -1.2992E+00  1.4002E+00    1.0854E-01  4.0873E-02
   9.994 -1.1854E+00  1.2796E+00    9.7610E-02  6.2515E-02
  10.194 -1.0168E+00  1.1000E+00    8.2416E-02  8.1422E-02
