Wave function, E=  34.000 entrance channel= 1
 Internal wave functions
   0.004  2.7270E-18 -8.1922E-18   -2.3051E-18  7.0369E-18   -2.2120E-18  5.3096E-18   -2.2494E-18  6.0658E-18
   0.021 -2.1522E-17  6.4587E-17    1.8168E-17 -5.5436E-17    1.7448E-17 -4.1855E-17    1.7757E-17 -4.7855E-17
   0.051  6.5482E-17 -1.9665E-16   -5.5211E-17  1.6855E-16   -5.3099E-17  1.2746E-16   -5.4120E-17  1.4588E-16
   0.095 -1.4004E-16  4.2046E-16    1.1784E-16 -3.5961E-16    1.1369E-16 -2.7250E-16    1.1589E-16 -3.1239E-16
   0.152  2.4843E-16 -7.4568E-16   -2.0857E-16  6.3620E-16   -2.0166E-16  4.8327E-16   -2.0617E-16  5.5534E-16
   0.222 -3.9252E-16  1.1775E-15    3.2847E-16 -1.0014E-15    3.1847E-16 -7.6330E-16    3.2628E-16 -8.7919E-16
   0.304  5.7252E-16 -1.7171E-15   -4.7737E-16  1.4553E-15   -4.6398E-16  1.1131E-15   -4.7739E-16  1.2859E-15
   0.399 -7.8850E-16  2.3624E-15    6.5578E-16 -1.9946E-15    6.3929E-16 -1.5310E-15    6.5988E-16 -1.7752E-15
   0.506  1.0410E-15 -3.1102E-15   -8.6214E-16  2.6156E-15   -8.4304E-16  2.0160E-15   -8.7334E-16  2.3448E-15
   0.624 -1.3289E-15  3.9550E-15    1.0948E-15 -3.3115E-15    1.0753E-15 -2.5628E-15    1.1170E-15 -2.9919E-15
   0.754  1.6481E-15 -4.8895E-15   -1.3552E-15  4.0767E-15   -1.3326E-15  3.1684E-15   -1.3907E-15  3.7125E-15
   0.894 -2.0009E-15  5.9074E-15    1.6381E-15 -4.9031E-15    1.6156E-15 -3.8262E-15    1.6938E-15 -4.5003E-15
   1.045  2.3854E-15 -7.0003E-15   -1.9512E-15  5.7901E-15   -1.9262E-15  4.5332E-15   -2.0228E-15  5.3537E-15
   1.204 -2.8104E-15  8.1466E-15    1.9701E-15 -6.4155E-15    2.2616E-15 -5.2751E-15    2.3820E-15 -6.2646E-15
   1.373  2.8238E-15 -1.0049E-14   -1.3419E-14  1.9076E-14   -2.3751E-15  6.4251E-15   -2.7551E-15  7.2226E-15
   1.550 -1.9187E-14 -1.1302E-14   -2.6434E-13  3.0539E-13    1.1666E-14  4.7220E-15    3.8375E-15 -8.4550E-15
   1.734 -4.1094E-13 -5.3315E-13   -4.8156E-12  6.4501E-12    2.2934E-13  2.8361E-13    1.7023E-14  1.1404E-15
   1.926 -8.3762E-12 -9.1163E-12   -6.3798E-11  1.0029E-10    4.6938E-12  4.8270E-12    4.7521E-13 -2.3234E-13
   2.123 -1.2910E-10 -1.1966E-10   -6.2480E-10  1.2052E-09    7.2335E-11  6.3390E-11    8.0513E-12 -4.5543E-12
   2.326 -1.5439E-09 -1.1806E-09   -4.4506E-09  1.1304E-08    8.6586E-10  6.2481E-10    1.0456E-10 -7.1974E-11
   2.533 -1.4463E-08 -8.7353E-09   -2.1726E-08  8.3376E-08    8.1255E-09  4.6080E-09    1.0385E-09 -8.8050E-10
   2.744 -1.0687E-07 -4.7331E-08   -5.6081E-08  4.8532E-07    6.0205E-08  2.4737E-08    7.9092E-09 -8.4494E-09
   2.958 -6.2510E-07 -1.7368E-07    1.0706E-07  2.2263E-06    3.5347E-07  8.8195E-08    4.5796E-08 -6.4065E-08
   3.174 -2.8926E-06 -2.9675E-07    1.9474E-06  7.9809E-06    1.6436E-06  1.2618E-07    1.9584E-07 -3.8563E-07
   3.391 -1.0522E-05  9.9312E-07    1.1014E-05  2.1891E-05    6.0159E-06 -7.1561E-07    5.6521E-07 -1.8455E-06
   3.609 -2.9601E-05  9.9704E-06    3.9879E-05  4.3680E-05    1.7053E-05 -6.1690E-06    6.9023E-07 -7.0010E-06
   3.826 -6.1960E-05  4.2464E-05    1.0171E-04  5.4342E-05    3.6031E-05 -2.5705E-05   -2.7836E-06 -2.0834E-05
   4.042 -8.6779E-05  1.1867E-04    1.8174E-04  9.1147E-06    5.1079E-05 -7.1812E-05   -2.0342E-05 -4.7442E-05
   4.256 -4.6747E-05  2.3033E-04    2.0331E-04 -1.2393E-04    2.8154E-05 -1.4082E-04   -6.9839E-05 -7.7646E-05
   4.467  1.1393E-04  2.9238E-04    6.0804E-05 -2.7681E-04   -6.8145E-05 -1.8299E-04   -1.5878E-04 -7.3405E-05
   4.674  3.4193E-04  1.6077E-04   -2.3396E-04 -2.5949E-04   -2.1032E-04 -1.0940E-04   -2.4578E-04  2.0924E-05
   4.877  4.1267E-04 -2.0713E-04   -4.3309E-04  5.6785E-05   -2.6469E-04  1.1432E-04   -2.2418E-04  2.1102E-04
   5.074  9.9142E-05 -5.6851E-04   -2.2457E-04  4.7180E-04   -8.4369E-05  3.5002E-04    6.3712E-07  3.7300E-04
   5.266 -4.8650E-04 -4.9762E-04    3.4654E-04  5.1365E-04    2.8082E-04  3.3291E-04    3.5636E-04  2.9400E-04
   5.450 -8.0898E-04  1.5026E-04    7.3503E-04 -4.2400E-05    5.1088E-04 -5.1261E-05    5.5309E-04 -1.0931E-04
   5.627 -3.8423E-04  8.9651E-04    4.0501E-04 -7.5718E-04    2.8637E-04 -5.3312E-04    3.0442E-04 -5.9170E-04
   5.796  6.0299E-04  9.7014E-04   -4.9195E-04 -8.6068E-04   -3.1681E-04 -6.2983E-04   -3.2768E-04 -7.0234E-04
   5.955  1.3142E-03  9.8301E-05   -1.1376E-03 -8.1155E-05   -7.9568E-04 -1.3277E-04   -8.6984E-04 -2.1146E-04
   6.106  1.0157E-03 -1.1184E-03   -8.4045E-04  9.9096E-04   -6.7078E-04  6.2113E-04   -8.2127E-04  5.9644E-04
   6.246 -2.1149E-04 -1.7061E-03    2.7597E-04  1.4406E-03    4.7519E-05  1.0264E-03   -1.2222E-04  1.1223E-03
   6.376 -1.5480E-03 -1.1592E-03    1.4088E-03  8.5196E-04    8.6903E-04  7.4056E-04    7.8309E-04  9.5899E-04
   6.494 -2.1401E-03  2.1460E-04    1.7892E-03 -4.1599E-04    1.2534E-03 -7.0036E-05    1.3271E-03  1.9402E-04
   6.601 -1.6933E-03  1.6528E-03    1.2184E-03 -1.6280E-03    9.9923E-04 -9.3559E-04    1.2342E-03 -7.3125E-04
   6.696 -5.1118E-04  2.5219E-03    4.5064E-05 -2.2310E-03    2.8641E-04 -1.4538E-03    6.2217E-04 -1.3835E-03
   6.778  8.6308E-04  2.6250E-03   -1.2056E-03 -2.1052E-03   -5.4555E-04 -1.4948E-03   -1.8782E-04 -1.5784E-03
   6.848  2.0037E-03  2.1365E-03   -2.1604E-03 -1.4644E-03   -1.2277E-03 -1.1668E-03   -9.0856E-04 -1.3821E-03
   6.905  2.7408E-03  1.3741E-03   -2.7034E-03 -6.2623E-04   -1.6543E-03 -6.7119E-04   -1.4028E-03 -9.7854E-04
   6.949  3.1112E-03  6.1509E-04   -2.9077E-03  1.5441E-04   -1.8521E-03 -1.8336E-04   -1.6706E-03 -5.4555E-04
   6.979  3.2443E-03  2.8362E-05   -2.9211E-03  7.3577E-04   -1.9075E-03  1.9096E-04   -1.7813E-03 -1.9918E-04
   6.996  3.2701E-03 -3.1097E-04   -2.8799E-03  1.0647E-03   -1.9066E-03  4.0637E-04   -1.8129E-03  4.5802E-06
   7.004  3.2700E-03 -4.7178E-04   -2.8483E-03  1.2188E-03   -1.8980E-03  5.0816E-04   -1.8200E-03  1.0191E-04
   7.021  3.2429E-03 -8.1595E-04   -2.7547E-03  1.5449E-03   -1.8624E-03  7.2533E-04   -1.8180E-03  3.1173E-04
   7.051  3.1030E-03 -1.4273E-03   -2.4979E-03  2.1109E-03   -1.7383E-03  1.1085E-03   -1.7552E-03  6.8907E-04
   7.095  2.7000E-03 -2.2531E-03   -1.9363E-03  2.8439E-03   -1.4278E-03  1.6185E-03   -1.5319E-03  1.2072E-03
   7.152  1.8548E-03 -3.1365E-03   -9.1023E-04  3.5641E-03   -8.1459E-04  2.1459E-03   -1.0239E-03  1.7716E-03
   7.222  4.5029E-04 -3.7648E-03    6.6511E-04  3.9416E-03    1.7445E-04  2.4765E-03   -1.4085E-04  2.1804E-03
   7.304 -1.4141E-03 -3.6910E-03    2.6512E-03  3.5282E-03    1.4668E-03  2.3058E-03    1.0691E-03  2.1307E-03
   7.399 -3.2721E-03 -2.5054E-03    4.5514E-03  1.9328E-03    2.7443E-03  1.3544E-03    2.3101E-03  1.3287E-03
   7.506 -4.3038E-03 -1.6210E-04    5.5421E-03 -8.6716E-04    3.4541E-03 -4.1542E-04    3.0373E-03 -2.8850E-04
   7.624 -3.6619E-03  2.7269E-03    4.8008E-03 -4.2617E-03    3.0298E-03 -2.6077E-03    2.6750E-03 -2.3452E-03
   7.754 -1.0194E-03  4.9458E-03    2.0333E-03 -7.0895E-03    1.2608E-03 -4.4392E-03    9.9918E-04 -4.0634E-03
   7.894  3.0709E-03  5.2039E-03   -2.1943E-03 -8.1740E-03   -1.4685E-03 -5.1104E-03   -1.6082E-03 -4.6419E-03
   8.045  7.3979E-03  2.7882E-03   -6.6775E-03 -6.9783E-03   -4.3325E-03 -4.2667E-03   -4.3154E-03 -3.7343E-03
   8.204  1.0776E-02 -2.2335E-03   -1.0233E-02 -3.8495E-03   -6.5284E-03 -2.1665E-03   -6.3231E-03 -1.6211E-03
   8.373  1.2631E-02 -9.4491E-03   -1.2265E-02  3.1243E-04   -7.6706E-03  5.5936E-04   -7.2692E-03  1.0487E-03
   8.550  1.3098E-02 -1.8827E-02   -1.2870E-02  4.6137E-03   -7.8481E-03  3.3033E-03   -7.2733E-03  3.6696E-03
   8.734  1.2715E-02 -3.1293E-02   -1.2551E-02  8.5232E-03   -7.4153E-03  5.7226E-03   -6.7079E-03  5.9194E-03
   8.926  1.2070E-02 -4.9073E-02   -1.1884E-02  1.1904E-02   -6.7508E-03  7.7492E-03   -5.9481E-03  7.7540E-03
   9.123  1.1615E-02 -7.5944E-02   -1.1317E-02  1.4855E-02   -6.1282E-03  9.4736E-03   -5.2453E-03  9.2792E-03
   9.326  1.1635E-02 -1.1756E-01   -1.1137E-02  1.7543E-02   -5.6988E-03  1.1025E-02   -4.7192E-03  1.0627E-02
   9.533  1.2304E-02 -1.8182E-01   -1.1513E-02  2.0080E-02   -5.5286E-03  1.2501E-02   -4.4010E-03  1.1891E-02
   9.744  1.3745E-02 -2.7909E-01   -1.2545E-02  2.2475E-02   -5.6424E-03  1.3940E-02   -4.2797E-03  1.3106E-02
   9.958  1.6066E-02 -4.2185E-01   -1.4296E-02  2.4614E-02   -6.0535E-03  1.5320E-02   -4.3345E-03  1.4255E-02
  10.174  1.9357E-02 -6.2341E-01   -1.6796E-02  2.6272E-02   -6.7780E-03  1.6567E-02   -4.5511E-03  1.5289E-02
  10.391  2.3668E-02 -8.9530E-01   -2.0017E-02  2.7128E-02   -7.8346E-03  1.7568E-02   -4.9287E-03  1.6142E-02
  10.609  2.8943E-02 -1.2431E+00   -2.3832E-02  2.6811E-02   -9.2342E-03  1.8179E-02   -5.4792E-03  1.6742E-02
  10.826  3.4962E-02 -1.6616E+00   -2.7977E-02  2.4956E-02   -1.0961E-02  1.8241E-02   -6.2213E-03  1.7020E-02
  11.042  4.1276E-02 -2.1296E+00   -3.2029E-02  2.1284E-02   -1.2953E-02  1.7595E-02   -7.1695E-03  1.6909E-02
  11.256  4.7194E-02 -2.6074E+00   -3.5414E-02  1.5702E-02   -1.5077E-02  1.6108E-02   -8.3197E-03  1.6352E-02
  11.467  5.1824E-02 -3.0381E+00   -3.7472E-02  8.3756E-03   -1.7130E-02  1.3701E-02   -9.6349E-03  1.5299E-02
  11.674  5.4201E-02 -3.3542E+00   -3.7572E-02 -2.2050E-04   -1.8845E-02  1.0387E-02   -1.1034E-02  1.3716E-02
  11.877  5.3469E-02 -3.4890E+00   -3.5246E-02 -9.3228E-03   -1.9924E-02  6.2908E-03   -1.2392E-02  1.1598E-02
  12.074  4.9093E-02 -3.3914E+00   -3.0326E-02 -1.7973E-02   -2.0093E-02  1.6601E-03   -1.3547E-02  8.9844E-03
  12.266  4.1025E-02 -3.0391E+00   -2.3023E-02 -2.5171E-02   -1.9161E-02 -3.1532E-03   -1.4329E-02  5.9663E-03
  12.450  2.9774E-02 -2.4461E+00   -1.3929E-02 -3.0065E-02   -1.7066E-02 -7.7375E-03   -1.4584E-02  2.6917E-03
  12.627  1.6349E-02 -1.6633E+00   -3.9250E-03 -3.2107E-02   -1.3900E-02 -1.1685E-02   -1.4207E-02 -6.4749E-04
  12.796  2.0814E-03 -7.6898E-01    5.9816E-03 -3.1156E-02   -9.9003E-03 -1.4660E-02   -1.3167E-02 -3.8384E-03
  12.955 -1.1627E-02  1.4605E-01    1.4839E-02 -2.7481E-02   -5.4091E-03 -1.6452E-02   -1.1513E-02 -6.6779E-03
  13.106 -2.3553E-02  9.9507E-01    2.1913E-02 -2.1681E-02   -8.1047E-04 -1.7002E-02   -9.3622E-03 -9.0030E-03
  13.246 -3.2844E-02  1.7100E+00    2.6787E-02 -1.4544E-02    3.5348E-03 -1.6404E-02   -6.8851E-03 -1.0713E-02
  13.376 -3.9105E-02  2.2501E+00    2.9383E-02 -6.8936E-03    7.3423E-03 -1.4864E-02   -4.2697E-03 -1.1781E-02
  13.494 -4.2382E-02  2.6035E+00    2.9913E-02  5.4948E-04    1.0436E-02 -1.2659E-02   -1.6950E-03 -1.2247E-02
  13.601 -4.3073E-02  2.7834E+00    2.8792E-02  7.2506E-03    1.2752E-02 -1.0084E-02    6.9288E-04 -1.2205E-02
  13.696 -4.1788E-02  2.8206E+00    2.6529E-02  1.2894E-02    1.4328E-02 -7.4117E-03    2.7926E-03 -1.1781E-02
  13.778 -3.9216E-02  2.7551E+00    2.3641E-02  1.7365E-02    1.5271E-02 -4.8605E-03    4.5504E-03 -1.1115E-02
  13.848 -3.6020E-02  2.6282E+00    2.0585E-02  2.0710E-02    1.5728E-02 -2.5888E-03    5.9533E-03 -1.0340E-02
  13.905 -3.2770E-02  2.4778E+00    1.7727E-02  2.3071E-02    1.5856E-02 -6.9552E-04    7.0186E-03 -9.5706E-03
  13.949 -2.9906E-02  2.3345E+00    1.5334E-02  2.4634E-02    1.5801E-02  7.6767E-04    7.7800E-03 -8.9001E-03
  13.979 -2.7742E-02  2.2215E+00    1.3582E-02  2.5581E-02    1.5684E-02  1.7813E-03    8.2761E-03 -8.3958E-03
  13.996 -2.6479E-02  2.1539E+00    1.2578E-02  2.6056E-02    1.5590E-02  2.3431E-03    8.5398E-03 -8.1017E-03
 External wave functions
  13.996 -2.6479E-02  2.1539E+00    1.2578E-02  2.6056E-02    1.5590E-02  2.3431E-03    8.5398E-03 -8.1017E-03
  14.196 -9.1050E-03  1.1420E+00   -2.7476E-04  2.8600E-02    1.2986E-02  8.5509E-03    1.0850E-02 -4.0303E-03
  14.396  1.0182E-02 -1.1192E-01   -1.3049E-02  2.5108E-02    7.9431E-03  1.3138E-02    1.1378E-02  6.9431E-04
  14.596  2.7163E-02 -1.3387E+00   -2.2931E-02  1.6098E-02    1.3350E-03  1.5116E-02    9.9180E-03  5.2892E-03
  14.796  3.7793E-02 -2.2519E+00   -2.7548E-02  3.4152E-03   -5.5395E-03  1.3952E-02    6.6288E-03  8.8990E-03
  14.996  3.9264E-02 -2.6189E+00   -2.5615E-02 -1.0059E-02   -1.1202E-02  9.7650E-03    2.0556E-03  1.0771E-02
  15.196  3.0887E-02 -2.3287E+00   -1.7390E-02 -2.1042E-02   -1.4329E-02  3.3815E-03   -2.9297E-03  1.0443E-02
  15.396  1.4516E-02 -1.4351E+00   -4.7618E-03 -2.6669E-02   -1.4095E-02 -3.7845E-03   -7.2825E-03  7.8886E-03
  15.596 -5.7152E-03 -1.5900E-01    9.0943E-03 -2.5314E-02   -1.0444E-02 -1.0023E-02   -1.0012E-02  3.5866E-03
  15.796 -2.4344E-02  1.1592E+00    2.0486E-02 -1.7150E-02   -4.1819E-03 -1.3742E-02   -1.0428E-02 -1.5360E-03
  15.996 -3.6054E-02  2.1473E+00    2.6203E-02 -4.2587E-03    3.1513E-03 -1.3908E-02   -8.3534E-03 -6.2845E-03
  16.196 -3.7271E-02  2.5101E+00    2.4490E-02  9.8231E-03    9.6376E-03 -1.0378E-02   -4.2195E-03 -9.4750E-03
Wave function, E=  44.000 entrance channel= 1
 Internal wave functions
   0.004  2.0371E-16  3.1666E-16   -2.8476E-16 -2.8849E-16   -1.6523E-16 -3.1436E-16   -2.1036E-16 -3.0860E-16
   0.021 -1.6065E-15 -2.4966E-15    2.2423E-15  2.2733E-15    1.3028E-15  2.4788E-15    1.6601E-15  2.4349E-15
   0.051  4.8933E-15  7.6021E-15   -6.8237E-15 -6.9067E-15   -3.9675E-15 -7.5462E-15   -5.0616E-15 -7.4228E-15
   0.095 -1.0460E-14 -1.6251E-14    1.4555E-14  1.4744E-14    8.4774E-15  1.6132E-14    1.0841E-14  1.5897E-14
   0.152  1.8553E-14  2.8827E-14   -2.5746E-14 -2.6083E-14   -1.5038E-14 -2.8614E-14   -1.9273E-14 -2.8252E-14
   0.222 -2.9301E-14 -4.5531E-14    4.0522E-14  4.1076E-14    2.3739E-14  4.5203E-14    3.0497E-14  4.4736E-14
   0.304  4.2713E-14  6.6418E-14   -5.8884E-14 -5.9750E-14   -3.4621E-14 -6.5957E-14   -4.4602E-14 -6.5458E-14
   0.399 -5.8732E-14 -9.1481E-14    8.0714E-14  8.1953E-14    4.7622E-14  9.0781E-14    6.1535E-14  9.0427E-14
   0.506  7.7308E-14  1.2057E-13   -1.0581E-13 -1.0764E-13   -6.2659E-14 -1.1964E-13   -8.1298E-14 -1.1957E-13
   0.624 -9.8250E-14 -1.5352E-13    1.3398E-13  1.3651E-13    7.9574E-14  1.5232E-13    1.0364E-13  1.5276E-13
   0.754  1.2141E-13  1.9013E-13   -1.6486E-13 -1.6856E-13   -9.8294E-14 -1.8861E-13   -1.2854E-13 -1.8987E-13
   0.894 -1.4654E-13 -2.3023E-13    1.9836E-13  2.0333E-13    1.1857E-13  2.2839E-13    1.5576E-13  2.3079E-13
   1.045  1.7336E-13  2.7368E-13   -2.3183E-13 -2.4059E-13   -1.4015E-13 -2.7126E-13   -1.8510E-13 -2.7522E-13
   1.204 -2.0181E-13 -3.1895E-13    3.6741E-13  2.9316E-13    1.6396E-13  3.1582E-13    2.1637E-13  3.2298E-13
   1.373  2.3244E-13  4.2999E-13    3.1407E-12 -3.6606E-14   -1.4080E-13 -4.3168E-13   -2.4954E-13 -3.7734E-13
   1.550 -1.3461E-13  1.5800E-12    8.8947E-11  2.9614E-12    1.6292E-12 -1.8430E-12    2.6597E-13  2.8863E-13
   1.734  6.2295E-12  4.8425E-11    1.6721E-09 -5.8733E-11    3.0734E-11 -5.7039E-11   -1.1020E-12 -4.7448E-12
   1.926  1.6647E-10  8.5069E-10    2.3679E-08 -2.6388E-09    4.8564E-10 -1.0558E-09   -2.3702E-11 -9.4958E-11
   2.123  3.2263E-09  1.1385E-08    2.5503E-07 -5.1914E-08    5.4383E-09 -1.4976E-08   -5.3534E-10 -1.5994E-09
   2.326  4.5358E-08  1.1604E-07    2.1079E-06 -6.6666E-07    4.2088E-08 -1.6333E-07   -8.8416E-09 -2.0273E-08
   2.533  4.7788E-07  9.0683E-07    1.3412E-05 -6.1512E-06    1.9534E-07 -1.3828E-06   -1.1079E-07 -1.9649E-07
   2.744  3.8422E-06  5.4314E-06    6.5401E-05 -4.2403E-05    9.5120E-08 -9.1298E-06   -1.0676E-06 -1.4607E-06
   2.958  2.3832E-05  2.4677E-05    2.4028E-04 -2.2230E-04   -6.6587E-06 -4.7009E-05   -7.9904E-06 -8.2955E-06
   3.174  1.1455E-04  8.2537E-05    6.3599E-04 -8.9101E-04   -6.1576E-05 -1.8745E-04   -4.6737E-05 -3.5377E-05
   3.391  4.2566E-04  1.8654E-04    1.0573E-03 -2.7120E-03   -3.2976E-04 -5.6810E-04   -2.1401E-04 -1.0791E-04
   3.609  1.2077E-03  1.9260E-04    3.7313E-04 -6.1143E-03   -1.2271E-03 -1.2499E-03   -7.6423E-04 -1.9973E-04
   3.826  2.5332E-03 -4.0428E-04   -3.4564E-03 -9.5463E-03   -3.2999E-03 -1.7432E-03   -2.1004E-03 -1.0271E-05
   4.042  3.6059E-03 -2.3059E-03   -1.0671E-02 -8.1309E-03   -6.3135E-03 -5.6635E-04   -4.3033E-03  1.3296E-03
   4.256  2.4385E-03 -5.2198E-03   -1.5300E-02  2.6577E-03   -7.8148E-03  3.7659E-03   -6.0404E-03  4.9156E-03
   4.467 -2.3890E-03 -6.3757E-03   -7.1210E-03  1.7577E-02   -3.6777E-03  9.5761E-03   -4.0853E-03  1.0179E-02
   4.674 -8.1340E-03 -1.8949E-03    1.4199E-02  1.9138E-02    6.8049E-03  1.0238E-02    4.0274E-03  1.2641E-02
   4.877 -7.5981E-03  7.4673E-03    2.7978E-02 -3.7099E-03    1.5426E-02 -6.2798E-05    1.4548E-02  5.8510E-03
   5.074  3.0814E-03  1.2607E-02    1.0488E-02 -3.1866E-02    9.8829E-03 -1.5591E-02    1.6454E-02 -1.0278E-02
   5.266  1.5330E-02  3.8000E-03   -2.8474E-02 -2.8015E-02   -1.0159E-02 -1.9093E-02    1.7359E-03 -2.3276E-02
   5.450  1.3001E-02 -1.4564E-02   -4.3874E-02  1.5116E-02   -2.5549E-02 -6.6187E-04   -2.1077E-02 -1.6899E-02
   5.627 -8.0308E-03 -2.2462E-02   -7.4595E-03  5.3305E-02   -1.5721E-02  2.5015E-02   -2.9809E-02  9.3235E-03
   5.796 -2.8804E-02 -4.8843E-03    4.9488E-02  3.7311E-02    1.4961E-02  3.0031E-02   -1.1169E-02  3.3836E-02
   5.955 -2.3703E-02  2.7103E-02    6.5308E-02 -2.6124E-02    3.7569E-02  4.4843E-03    2.2269E-02  3.2692E-02
   6.106  1.0931E-02  4.2778E-02    1.6460E-02 -7.7567E-02    2.8546E-02 -3.0681E-02    4.2929E-02  4.1207E-03
   6.246  4.9375E-02  2.1421E-02   -5.7975E-02 -6.7046E-02   -6.3145E-03 -4.4978E-02    3.4727E-02 -3.0518E-02
   6.376  5.9152E-02 -2.7283E-02   -9.7895E-02 -1.7282E-05   -3.9858E-02 -2.7345E-02    5.1462E-03 -4.8148E-02
   6.494  2.8576E-02 -7.2339E-02   -7.5406E-02  7.5908E-02   -4.9787E-02  8.0226E-03   -2.6163E-02 -4.2076E-02
   6.601 -2.7227E-02 -8.6998E-02   -7.9167E-03  1.1561E-01   -3.4019E-02  3.8513E-02   -4.5002E-02 -2.1222E-02
   6.696 -8.1842E-02 -6.5226E-02    6.6563E-02  1.0501E-01   -5.6297E-03  5.0815E-02   -4.9286E-02  1.8217E-03
   6.778 -1.1601E-01 -1.9242E-02    1.1860E-01  5.8185E-02    2.0686E-02  4.5332E-02   -4.4459E-02  1.9659E-02
   6.848 -1.2503E-01  3.3026E-02    1.3904E-01 -1.1092E-03    3.7184E-02  3.0076E-02   -3.6658E-02  3.1053E-02
   6.905 -1.1521E-01  7.8210E-02    1.3441E-01 -5.4432E-02    4.3547E-02  1.3245E-02   -2.9457E-02  3.7778E-02
   6.949 -9.6806E-02  1.1066E-01    1.1714E-01 -9.3435E-02    4.3313E-02 -3.6058E-04   -2.4040E-02  4.1813E-02
   6.979 -7.8814E-02  1.3051E-01    9.8522E-02 -1.1750E-01    4.0520E-02 -9.2814E-03   -2.0458E-02  4.4298E-02
   6.996 -6.7123E-02  1.4025E-01    8.6011E-02 -1.2937E-01    3.8087E-02 -1.3849E-02   -1.8530E-02  4.5640E-02
   7.004 -6.1265E-02  1.4444E-01    7.9661E-02 -1.3448E-01    3.6744E-02 -1.5861E-02   -1.7639E-02  4.6269E-02
   7.021 -4.8041E-02  1.5251E-01    6.5177E-02 -1.4435E-01    3.3481E-02 -1.9831E-02   -1.5762E-02  4.7628E-02
   7.051 -2.2146E-02  1.6375E-01    3.6382E-02 -1.5809E-01    2.6417E-02 -2.5672E-02   -1.2416E-02  5.0187E-02
   7.095  1.8554E-02  1.7174E-01   -9.5608E-03 -1.6780E-01    1.4253E-02 -3.0611E-02   -7.4021E-03  5.4333E-02
   7.152  7.3502E-02  1.6648E-01   -7.2132E-02 -1.6086E-01   -2.9412E-03 -2.9984E-02    3.0091E-04  6.0770E-02
   7.222  1.3550E-01  1.3617E-01   -1.4232E-01 -1.2208E-01   -2.1396E-02 -1.8130E-02    1.3467E-02  6.9855E-02
   7.304  1.8778E-01  7.3025E-02   -1.9846E-01 -4.0656E-02   -3.1768E-02  8.2606E-03    3.7083E-02  7.9532E-02
   7.399  2.0662E-01 -1.7480E-02   -2.0854E-01  7.8126E-02   -2.0586E-02  4.4434E-02    7.6466E-02  8.2148E-02
   7.506  1.7358E-01 -1.0987E-01   -1.4399E-01  2.0335E-01    2.2244E-02  7.3224E-02    1.3142E-01  6.2990E-02
   7.624  9.3830E-02 -1.6473E-01   -1.7414E-03  2.8302E-01    9.1904E-02  6.8727E-02    1.8862E-01  5.3766E-03
   7.754  5.8886E-03 -1.5189E-01    1.8148E-01  2.6879E-01    1.6258E-01  1.1005E-02    2.2024E-01 -9.6512E-02
   7.894 -3.2521E-02 -7.7399E-02    3.4079E-01  1.4772E-01    1.9698E-01 -9.6861E-02    1.9591E-01 -2.2580E-01
   8.045  2.2019E-02  1.0261E-02    4.1837E-01 -4.5626E-02    1.6836E-01 -2.2548E-01    1.0281E-01 -3.4570E-01
   8.204  1.7234E-01  4.3744E-02    3.9545E-01 -2.4951E-01    7.7408E-02 -3.3548E-01   -4.3387E-02 -4.1889E-01
   8.373  3.8292E-01 -2.9228E-02    2.9630E-01 -4.1017E-01   -5.0039E-02 -4.0007E-01   -2.0708E-01 -4.2830E-01
   8.550  6.0389E-01 -2.2789E-01    1.6694E-01 -5.0396E-01   -1.7991E-01 -4.1594E-01   -3.5265E-01 -3.8281E-01
   8.734  7.9410E-01 -5.4245E-01    5.0018E-02 -5.3597E-01   -2.8578E-01 -3.9825E-01   -4.5903E-01 -3.0750E-01
   8.926  9.2907E-01 -9.4676E-01   -2.8181E-02 -5.2539E-01   -3.5443E-01 -3.6847E-01   -5.2180E-01 -2.2961E-01
   9.123  9.9652E-01 -1.4056E+00   -5.8210E-02 -4.9118E-01   -3.8286E-01 -3.4448E-01   -5.4687E-01 -1.6959E-01
   9.326  9.8856E-01 -1.8726E+00   -4.2467E-02 -4.4468E-01   -3.7278E-01 -3.3591E-01   -5.4282E-01 -1.3868E-01
   9.533  8.9758E-01 -2.2844E+00    9.3763E-03 -3.8847E-01   -3.2684E-01 -3.4341E-01   -5.1596E-01 -1.4004E-01
   9.744  7.1794E-01 -2.5576E+00    8.2754E-02 -3.1922E-01   -2.4792E-01 -3.5967E-01   -4.6861E-01 -1.7053E-01
   9.958  4.5264E-01 -2.5979E+00    1.5936E-01 -2.3221E-01   -1.4069E-01 -3.7139E-01   -3.9977E-01 -2.2171E-01
  10.174  1.2181E-01 -2.3230E+00    2.1879E-01 -1.2648E-01   -1.4263E-02 -3.6242E-01   -3.0742E-01 -2.8045E-01
  10.391 -2.3149E-01 -1.6983E+00    2.4201E-01 -8.7694E-03    1.1595E-01 -3.1819E-01   -1.9168E-01 -3.3002E-01
  10.609 -5.4332E-01 -7.7234E-01    2.1649E-01  1.0511E-01    2.2850E-01 -2.3123E-01   -5.8070E-02 -3.5243E-01
  10.826 -7.4162E-01  3.0550E-01    1.4163E-01  1.9296E-01    2.9961E-01 -1.0604E-01    8.0473E-02 -3.3245E-01
  11.042 -7.6851E-01  1.3036E+00    3.1705E-02  2.3301E-01    3.0980E-01  3.8963E-02    2.0406E-01 -2.6266E-01
  11.256 -6.0460E-01  1.9673E+00   -8.6048E-02  2.1257E-01    2.5166E-01  1.7430E-01    2.8967E-01 -1.4765E-01
  11.467 -2.8425E-01  2.1046E+00   -1.7888E-01  1.3502E-01    1.3513E-01  2.6739E-01    3.1773E-01 -5.4231E-03
  11.674  1.0790E-01  1.6641E+00   -2.1943E-01  2.1289E-02   -1.2581E-02  2.9339E-01    2.7934E-01  1.3568E-01
  11.877  4.6100E-01  7.6753E-01   -1.9578E-01 -9.5680E-02   -1.5373E-01  2.4453E-01    1.8111E-01  2.4430E-01
  12.074  6.7464E-01 -3.2205E-01   -1.1605E-01 -1.8180E-01   -2.5147E-01  1.3408E-01    4.5064E-02  2.9538E-01
  12.266  6.9280E-01 -1.2885E+00   -5.4836E-03 -2.1340E-01   -2.8159E-01 -7.4572E-03   -9.6868E-02  2.7809E-01
  12.450  5.2066E-01 -1.8691E+00    1.0289E-01 -1.8464E-01   -2.3966E-01 -1.4226E-01   -2.1204E-01  1.9901E-01
  12.627  2.1806E-01 -1.9348E+00    1.7966E-01 -1.0781E-01   -1.4104E-01 -2.3722E-01   -2.7631E-01  7.9581E-02
  12.796 -1.2566E-01 -1.5151E+00    2.0782E-01 -7.2219E-03   -1.4180E-02 -2.7318E-01   -2.7999E-01 -5.1170E-02
  12.955 -4.2312E-01 -7.6399E-01    1.8594E-01  9.0052E-02    1.0941E-01 -2.4841E-01   -2.2851E-01 -1.6531E-01
  13.106 -6.1386E-01  1.0758E-01    1.2549E-01  1.6261E-01    2.0436E-01 -1.7583E-01   -1.3858E-01 -2.4304E-01
  13.246 -6.7510E-01  9.0330E-01    4.4789E-02  1.9936E-01    2.5682E-01 -7.6537E-02   -3.1738E-02 -2.7599E-01
  13.376 -6.1833E-01  1.4897E+00   -3.7661E-02  1.9986E-01    2.6514E-01  2.7609E-02    7.1935E-02 -2.6657E-01
  13.494 -4.7681E-01  1.8126E+00   -1.0790E-01  1.7140E-01    2.3693E-01  1.1945E-01    1.5804E-01 -2.2460E-01
  13.601 -2.9098E-01  1.8861E+00   -1.5850E-01  1.2493E-01    1.8458E-01  1.8912E-01    2.1942E-01 -1.6305E-01
  13.696 -9.6919E-02  1.7672E+00   -1.8814E-01  7.1311E-02    1.2104E-01  2.3388E-01    2.5541E-01 -9.4334E-02
  13.778  7.9829E-02  1.5294E+00   -1.9976E-01  1.9116E-02    5.6976E-02  2.5631E-01    2.6990E-01 -2.8137E-02
  13.848  2.2545E-01  1.2421E+00   -1.9852E-01 -2.6266E-02   -3.8980E-04  2.6193E-01    2.6901E-01  2.9423E-02
  13.905  3.3578E-01  9.5991E-01   -1.8994E-01 -6.2336E-02   -4.7228E-02  2.5712E-01    2.5926E-01  7.5438E-02
  13.949  4.1287E-01  7.1999E-01   -1.7888E-01 -8.8659E-02   -8.2256E-02  2.4774E-01    2.4640E-01  1.0931E-01
  13.979  4.6153E-01  5.4428E-01   -1.6903E-01 -1.0591E-01   -1.0570E-01  2.3840E-01    2.3483E-01  1.3172E-01
  13.996  4.8667E-01  4.4392E-01   -1.6281E-01 -1.1508E-01   -1.1834E-01  2.3222E-01    2.2749E-01  1.4372E-01
 External wave functions
  13.996  4.8667E-01  4.4392E-01   -1.6281E-01 -1.1508E-01   -1.1834E-01  2.3222E-01    2.2749E-01  1.4372E-01
  14.196  6.5195E-01 -7.5901E-01   -5.7584E-02 -1.8970E-01   -2.3242E-01  1.1424E-01    1.0026E-01  2.4761E-01
  14.396  5.3832E-01 -1.6354E+00    7.1927E-02 -1.8361E-01   -2.5261E-01 -4.9565E-02   -6.4803E-02  2.5730E-01
  14.596  1.8974E-01 -1.7960E+00    1.7004E-01 -9.7893E-02   -1.6856E-01 -1.9265E-01   -2.0429E-01  1.6664E-01
  14.796 -2.4288E-01 -1.1553E+00    1.9279E-01  3.0983E-02   -1.3556E-02 -2.5425E-01   -2.6188E-01  9.5454E-03
  14.996 -5.6435E-01  9.6290E-03    1.2866E-01  1.4571E-01    1.4703E-01 -2.0628E-01   -2.1222E-01 -1.5119E-01
  15.196 -6.2390E-01  1.1683E+00    5.6309E-03  1.9346E-01    2.4281E-01 -6.7818E-02   -7.3871E-02 -2.4842E-01
  15.396 -3.8923E-01  1.7745E+00   -1.1985E-01  1.5095E-01    2.2983E-01  1.0077E-01    9.5807E-02 -2.3939E-01
  15.596  3.1671E-02  1.5291E+00   -1.8839E-01  3.7012E-02    1.1223E-01  2.2324E-01    2.2349E-01 -1.2609E-01
  15.796  4.3655E-01  5.3942E-01   -1.6625E-01 -9.4577E-02   -5.7163E-02  2.4218E-01    2.5178E-01  4.3000E-02
  15.996  6.2503E-01 -7.1564E-01   -6.3045E-02 -1.7986E-01   -1.9943E-01  1.4716E-01    1.6628E-01  1.9242E-01
  16.196  4.9973E-01 -1.6101E+00    7.1215E-02 -1.7608E-01   -2.4626E-01 -1.8022E-02    4.4904E-03  2.5321E-01
